0,1,1437.75,260.38,191.70,489.54,0.85,-1,-1,-1
1,1,1439.01,263.75,191.53,489.10,0.56,-1,-1,-1
2,1,1439.22,264.33,191.51,489.03,0.56,-1,-1,-1
3,1,1439.26,264.45,191.51,489.01,0.57,-1,-1,-1
17,1,1404.06,249.74,208.21,525.72,0.52,-1,-1,-1
18,1,1394.34,230.85,217.09,545.62,0.87,-1,-1,-1
19,1,1387.67,215.17,223.29,560.79,0.90,-1,-1,-1
20,1,1376.44,206.26,229.58,574.70,0.84,-1,-1,-1
20,2,1626.61,216.07,141.75,282.42,0.89,-1,-1,-1
21,1,1354.97,209.17,248.49,627.88,0.34,-1,-1,-1
21,2,1618.59,217.06,142.34,283.26,0.86,-1,-1,-1
22,2,1610.51,216.99,142.87,284.45,0.92,-1,-1,-1
23,2,1603.35,216.06,142.65,285.43,0.94,-1,-1,-1
24,2,1597.28,210.13,144.69,292.06,0.94,-1,-1,-1
24,1,1318.73,218.41,257.98,656.15,0.79,-1,-1,-1
25,2,1593.98,207.88,144.54,295.24,0.94,-1,-1,-1
25,1,1306.13,221.23,257.22,659.32,0.78,-1,-1,-1
26,2,1592.14,206.78,144.47,298.71,0.94,-1,-1,-1
26,1,1284.56,226.41,266.51,684.50,0.90,-1,-1,-1
27,2,1589.33,208.17,145.50,304.33,0.94,-1,-1,-1
27,1,1263.27,239.40,272.30,702.80,0.94,-1,-1,-1
28,2,1587.72,209.76,145.57,308.23,0.94,-1,-1,-1
28,1,1248.03,247.39,273.73,712.39,0.89,-1,-1,-1
29,2,1585.92,212.09,144.75,310.36,0.94,-1,-1,-1
29,1,1229.64,249.93,274.00,718.99,0.92,-1,-1,-1
30,2,1586.14,214.34,142.97,309.24,0.94,-1,-1,-1
30,1,1206.03,252.51,278.82,734.06,0.93,-1,-1,-1
31,2,1584.77,215.66,141.93,308.69,0.94,-1,-1,-1
31,1,1182.25,257.32,291.94,771.57,0.86,-1,-1,-1
32,2,1581.11,216.82,140.91,307.49,0.94,-1,-1,-1
32,1,1158.26,271.38,302.61,800.23,0.91,-1,-1,-1
33,2,1577.65,217.93,139.59,306.50,0.93,-1,-1,-1
33,1,1141.03,283.91,305.00,804.92,0.93,-1,-1,-1
34,2,1568.03,221.02,139.87,306.96,0.94,-1,-1,-1
34,1,1118.11,291.28,308.61,815.47,0.93,-1,-1,-1
35,2,1565.29,221.95,142.05,314.66,0.93,-1,-1,-1
35,1,1100.31,296.34,306.48,811.11,0.93,-1,-1,-1
36,2,1562.72,225.03,140.88,315.63,0.94,-1,-1,-1
36,1,1070.37,300.94,307.43,811.85,0.86,-1,-1,-1
37,2,1558.18,222.75,140.77,319.14,0.95,-1,-1,-1
37,1,1021.93,312.41,314.89,815.56,0.87,-1,-1,-1
38,2,1555.29,222.30,139.78,320.40,0.93,-1,-1,-1
38,1,975.98,324.53,324.37,828.14,0.83,-1,-1,-1
39,2,1554.47,222.54,139.12,321.68,0.93,-1,-1,-1
39,1,961.08,329.18,318.64,810.49,0.87,-1,-1,-1
39,3,661.53,880.34,452.13,604.12,0.59,-1,-1,-1
40,2,1558.93,222.29,138.47,323.54,0.94,-1,-1,-1
40,1,930.52,321.74,326.06,832.64,0.90,-1,-1,-1
40,3,676.55,883.87,431.49,576.07,0.62,-1,-1,-1
41,2,1562.76,221.29,137.74,325.06,0.87,-1,-1,-1
41,1,882.77,306.97,348.05,890.81,0.91,-1,-1,-1
41,3,696.86,882.89,449.93,600.08,0.66,-1,-1,-1
42,2,1565.93,222.55,136.01,323.68,0.92,-1,-1,-1
42,1,846.77,295.45,357.55,913.85,0.86,-1,-1,-1
42,3,659.56,882.55,483.77,648.50,0.62,-1,-1,-1
43,2,1568.10,225.92,133.59,319.97,0.93,-1,-1,-1
43,1,807.14,305.93,366.00,932.50,0.88,-1,-1,-1
43,3,645.92,879.14,514.25,696.19,0.64,-1,-1,-1
44,2,1569.02,226.95,132.61,318.95,0.94,-1,-1,-1
44,1,774.28,311.70,375.24,955.84,0.81,-1,-1,-1
44,3,640.04,878.76,529.67,725.90,0.61,-1,-1,-1
45,2,1572.06,227.76,132.29,318.08,0.94,-1,-1,-1
45,1,736.39,329.51,388.10,991.38,0.85,-1,-1,-1
45,3,655.48,880.43,524.96,725.54,0.46,-1,-1,-1
46,2,1573.22,228.82,132.23,317.17,0.95,-1,-1,-1
46,1,704.50,335.47,396.88,1020.30,0.86,-1,-1,-1
46,3,677.25,882.01,499.45,692.62,0.48,-1,-1,-1
47,2,1573.63,228.86,132.32,317.36,0.94,-1,-1,-1
47,1,666.35,344.38,403.76,1042.55,0.86,-1,-1,-1
47,3,688.87,882.17,481.74,669.10,0.57,-1,-1,-1
48,2,1574.66,229.29,132.41,318.31,0.94,-1,-1,-1
48,1,636.32,353.58,408.23,1056.94,0.86,-1,-1,-1
48,3,683.38,881.77,490.68,687.72,0.58,-1,-1,-1
49,2,1571.88,229.21,135.23,326.23,0.93,-1,-1,-1
49,1,604.19,376.16,410.86,1067.13,0.85,-1,-1,-1
49,3,662.60,879.84,533.09,760.24,0.48,-1,-1,-1
50,2,1567.08,232.25,136.75,330.51,0.93,-1,-1,-1
50,1,562.40,397.19,407.76,1061.50,0.85,-1,-1,-1
50,3,663.49,880.84,534.98,773.50,0.38,-1,-1,-1
51,2,1563.57,234.49,137.18,332.10,0.89,-1,-1,-1
51,1,518.92,406.41,413.95,1081.05,0.79,-1,-1,-1
51,3,659.34,883.44,547.91,807.18,0.40,-1,-1,-1
52,2,1559.19,234.66,138.14,335.31,0.80,-1,-1,-1
52,1,468.01,410.13,420.83,1102.49,0.81,-1,-1,-1
52,3,654.98,883.59,542.68,815.41,0.49,-1,-1,-1
53,2,1554.80,232.36,138.74,337.02,0.89,-1,-1,-1
53,1,430.12,424.83,413.24,1078.36,0.84,-1,-1,-1
53,3,654.73,883.21,543.49,832.24,0.41,-1,-1,-1
54,2,1549.98,232.67,138.28,336.61,0.85,-1,-1,-1
54,1,378.47,443.53,415.95,1083.19,0.83,-1,-1,-1
54,3,670.49,883.49,511.08,792.47,0.49,-1,-1,-1
55,2,1547.62,232.44,139.26,340.94,0.58,-1,-1,-1
55,1,328.67,463.33,420.61,1093.69,0.79,-1,-1,-1
55,3,676.84,882.70,496.00,778.28,0.51,-1,-1,-1
56,2,1548.15,235.20,140.46,347.61,0.20,-1,-1,-1
56,1,251.21,496.12,443.71,1158.14,0.82,-1,-1,-1
56,3,686.10,884.18,487.20,772.59,0.31,-1,-1,-1
57,2,1550.81,240.86,139.65,348.10,0.59,-1,-1,-1
57,1,188.42,530.16,454.23,1188.98,0.83,-1,-1,-1
57,3,704.42,882.51,446.99,706.39,0.42,-1,-1,-1
58,2,1553.20,241.02,140.27,351.07,0.86,-1,-1,-1
58,1,107.88,553.34,467.51,1222.46,0.74,-1,-1,-1
58,3,699.43,882.77,460.87,732.82,0.29,-1,-1,-1
59,2,1555.69,243.91,139.19,349.26,0.85,-1,-1,-1
59,1,44.70,560.57,477.30,1242.29,0.50,-1,-1,-1
59,3,688.38,882.86,487.87,785.54,0.26,-1,-1,-1
60,2,1557.57,248.53,137.00,343.14,0.67,-1,-1,-1
60,3,686.78,883.77,493.72,803.59,0.21,-1,-1,-1
61,2,1558.24,252.80,134.51,334.81,0.57,-1,-1,-1
61,3,697.09,884.56,472.26,771.35,0.22,-1,-1,-1
62,2,1555.01,257.26,135.16,334.35,0.54,-1,-1,-1
62,3,699.54,884.42,469.54,770.17,0.26,-1,-1,-1
63,2,1552.74,259.07,135.81,333.28,0.17,-1,-1,-1
63,3,695.90,883.92,470.43,774.47,0.30,-1,-1,-1
64,2,1550.93,253.06,139.81,340.60,0.70,-1,-1,-1
64,3,699.19,883.72,459.58,756.39,0.32,-1,-1,-1
65,2,1552.03,246.77,143.11,346.88,0.30,-1,-1,-1
65,3,699.09,883.64,449.07,736.67,0.38,-1,-1,-1
66,2,1555.96,241.46,144.47,352.12,0.66,-1,-1,-1
66,3,697.81,882.71,445.80,730.11,0.36,-1,-1,-1
67,3,702.30,881.91,433.78,707.45,0.46,-1,-1,-1
68,3,705.68,882.53,424.11,688.10,0.44,-1,-1,-1
69,3,707.13,882.76,417.46,672.95,0.49,-1,-1,-1
70,3,701.18,883.76,401.62,639.38,0.49,-1,-1,-1
71,3,699.48,883.20,422.57,671.67,0.45,-1,-1,-1
72,3,694.67,883.01,435.71,694.60,0.48,-1,-1,-1
72,2,1525.29,229.94,163.17,400.73,0.90,-1,-1,-1
73,3,691.40,882.93,424.17,674.27,0.50,-1,-1,-1
73,2,1518.69,231.23,162.30,401.33,0.55,-1,-1,-1
74,3,693.40,884.71,414.11,655.58,0.45,-1,-1,-1
74,2,1511.29,227.10,163.18,406.75,0.86,-1,-1,-1
75,3,691.82,884.92,416.99,660.16,0.49,-1,-1,-1
75,2,1502.29,226.53,169.01,427.19,0.83,-1,-1,-1
76,3,691.94,883.19,418.31,656.58,0.51,-1,-1,-1
76,2,1498.91,231.19,171.25,437.81,0.94,-1,-1,-1
77,3,688.93,882.99,423.48,659.45,0.49,-1,-1,-1
77,2,1499.73,240.54,171.52,439.52,0.59,-1,-1,-1
78,3,687.85,882.46,426.32,658.41,0.50,-1,-1,-1
78,2,1498.91,245.09,170.63,439.52,0.89,-1,-1,-1
79,3,688.17,883.61,423.12,648.74,0.47,-1,-1,-1
79,2,1489.61,247.59,169.10,438.11,0.83,-1,-1,-1
80,3,692.25,883.60,434.12,662.79,0.45,-1,-1,-1
80,2,1474.26,251.93,171.09,442.79,0.70,-1,-1,-1
81,3,687.28,884.93,424.50,641.83,0.45,-1,-1,-1
81,2,1463.12,256.19,172.09,448.39,0.87,-1,-1,-1
82,3,688.85,885.44,440.05,662.80,0.43,-1,-1,-1
82,2,1455.79,258.10,171.88,451.38,0.89,-1,-1,-1
83,3,686.24,884.73,452.09,679.34,0.41,-1,-1,-1
83,2,1451.76,257.44,172.82,454.56,0.93,-1,-1,-1
83,4,1489.11,148.50,89.52,76.61,0.65,-1,-1,-1
84,3,685.69,885.34,454.89,682.14,0.44,-1,-1,-1
84,2,1440.44,258.23,180.74,469.07,0.90,-1,-1,-1
84,4,1489.95,148.63,89.51,76.61,0.64,-1,-1,-1
85,3,677.71,885.57,443.94,661.88,0.45,-1,-1,-1
85,2,1440.52,260.89,178.77,458.52,0.76,-1,-1,-1
85,4,1489.48,148.94,88.91,76.09,0.67,-1,-1,-1
86,3,671.50,885.65,439.70,650.47,0.46,-1,-1,-1
86,2,1431.27,266.43,179.31,455.31,0.91,-1,-1,-1
86,4,1488.86,149.22,89.60,76.62,0.62,-1,-1,-1
87,3,670.20,885.22,439.81,645.83,0.48,-1,-1,-1
87,2,1415.67,270.79,182.73,464.10,0.84,-1,-1,-1
87,4,1489.37,149.18,88.43,75.46,0.63,-1,-1,-1
88,3,670.18,884.16,439.93,641.50,0.51,-1,-1,-1
88,4,1489.09,148.80,88.95,75.78,0.56,-1,-1,-1
89,3,681.11,884.66,453.27,659.74,0.46,-1,-1,-1
89,4,1489.17,148.60,88.77,75.61,0.54,-1,-1,-1
89,2,1391.65,277.34,180.68,465.15,0.92,-1,-1,-1
90,3,686.25,885.28,425.95,614.72,0.50,-1,-1,-1
90,4,1489.08,148.53,88.97,75.79,0.57,-1,-1,-1
91,3,656.16,891.95,445.40,642.99,0.11,-1,-1,-1
91,4,1489.52,148.39,88.09,74.94,0.59,-1,-1,-1
92,4,1489.42,148.45,88.31,75.09,0.56,-1,-1,-1
92,2,1368.31,283.23,179.91,459.90,0.51,-1,-1,-1
93,4,1489.38,148.36,88.40,74.93,0.46,-1,-1,-1
93,2,1370.02,284.93,182.01,457.28,0.79,-1,-1,-1
94,4,1489.60,148.50,87.96,74.25,0.53,-1,-1,-1
94,2,1373.45,288.86,188.33,463.35,0.17,-1,-1,-1
95,4,1489.57,148.67,88.01,74.01,0.51,-1,-1,-1
95,2,1381.28,296.22,190.33,458.72,0.32,-1,-1,-1
96,4,1487.74,147.77,91.70,77.25,0.55,-1,-1,-1
96,2,1386.34,306.38,192.30,448.12,0.14,-1,-1,-1
97,4,1487.22,147.44,92.72,78.23,0.57,-1,-1,-1
97,2,1398.60,298.88,198.34,456.66,0.66,-1,-1,-1
98,4,1487.67,147.70,91.84,77.43,0.58,-1,-1,-1
99,4,1488.00,147.92,91.18,76.78,0.59,-1,-1,-1
100,4,1489.00,147.79,90.96,76.75,0.60,-1,-1,-1
101,4,1488.56,147.57,90.75,76.46,0.60,-1,-1,-1
102,4,1489.13,147.94,90.96,76.57,0.58,-1,-1,-1
103,4,1489.24,147.69,91.25,76.78,0.54,-1,-1,-1
104,4,1489.69,147.98,90.53,76.02,0.50,-1,-1,-1
105,4,1489.67,148.04,90.64,76.01,0.49,-1,-1,-1
106,4,1489.74,148.29,90.51,75.78,0.44,-1,-1,-1
106,2,1380.70,247.19,222.89,509.74,0.73,-1,-1,-1
107,4,1489.91,148.27,90.18,75.59,0.40,-1,-1,-1
107,2,1373.63,241.63,225.37,517.28,0.46,-1,-1,-1
107,3,747.22,934.37,418.02,588.63,0.50,-1,-1,-1
108,4,1489.96,148.20,90.06,75.57,0.38,-1,-1,-1
108,3,745.76,934.44,423.63,587.27,0.49,-1,-1,-1
109,4,1489.88,148.18,90.21,75.57,0.41,-1,-1,-1
109,3,741.43,934.98,432.42,592.69,0.50,-1,-1,-1
110,4,1489.57,148.06,90.82,76.02,0.41,-1,-1,-1
110,3,736.37,936.46,436.92,593.42,0.49,-1,-1,-1
111,4,1489.55,148.24,90.86,75.96,0.38,-1,-1,-1
111,3,732.16,937.38,442.03,595.12,0.49,-1,-1,-1
112,4,1489.43,148.14,91.10,76.11,0.42,-1,-1,-1
112,3,735.19,936.30,439.92,588.17,0.50,-1,-1,-1
112,2,1305.68,244.93,260.14,608.84,0.93,-1,-1,-1
113,4,1488.86,147.82,92.22,76.89,0.47,-1,-1,-1
113,3,734.64,936.72,438.72,582.90,0.50,-1,-1,-1
113,2,1292.60,250.18,262.36,625.81,0.94,-1,-1,-1
114,4,1488.07,147.70,92.03,76.74,0.51,-1,-1,-1
114,3,740.75,935.46,429.10,564.32,0.51,-1,-1,-1
114,2,1276.06,250.12,264.50,644.97,0.86,-1,-1,-1
115,4,1488.73,147.82,91.81,76.29,0.14,-1,-1,-1
115,3,733.72,936.75,450.34,592.09,0.48,-1,-1,-1
115,2,1263.33,255.70,261.39,646.58,0.91,-1,-1,-1
116,4,1488.62,148.82,90.65,75.17,0.41,-1,-1,-1
116,3,731.28,937.20,455.10,597.67,0.50,-1,-1,-1
116,2,1250.39,261.81,262.56,652.52,0.94,-1,-1,-1
117,4,1488.42,148.86,90.55,74.97,0.43,-1,-1,-1
117,3,729.78,937.33,458.77,602.51,0.49,-1,-1,-1
117,2,1243.46,270.37,271.72,675.83,0.95,-1,-1,-1
118,4,1488.16,148.70,90.88,75.18,0.44,-1,-1,-1
118,3,735.76,937.79,449.61,588.77,0.52,-1,-1,-1
118,2,1233.48,281.19,282.43,697.33,0.95,-1,-1,-1
119,4,1488.19,148.70,90.76,74.98,0.38,-1,-1,-1
119,3,738.25,937.47,449.15,586.63,0.52,-1,-1,-1
119,2,1220.67,286.44,287.58,706.51,0.95,-1,-1,-1
120,4,1487.58,148.58,91.96,75.81,0.45,-1,-1,-1
120,3,733.13,937.77,460.97,603.32,0.50,-1,-1,-1
120,2,1199.04,292.32,286.29,706.66,0.93,-1,-1,-1
121,4,1487.30,148.43,92.52,76.12,0.34,-1,-1,-1
121,3,731.15,937.87,461.01,604.23,0.48,-1,-1,-1
121,2,1181.00,300.20,282.77,702.37,0.79,-1,-1,-1
122,4,1486.57,148.37,93.99,77.35,0.29,-1,-1,-1
122,3,735.61,938.76,449.58,587.64,0.51,-1,-1,-1
122,2,1156.63,315.89,286.07,715.78,0.86,-1,-1,-1
123,4,1486.27,148.18,94.59,77.86,0.26,-1,-1,-1
123,3,740.31,938.63,438.20,570.00,0.52,-1,-1,-1
123,2,1135.87,322.40,290.73,736.18,0.71,-1,-1,-1
124,4,1486.43,147.94,94.27,77.56,0.36,-1,-1,-1
124,3,727.26,938.10,462.60,604.69,0.47,-1,-1,-1
124,2,1116.58,327.59,288.78,739.62,0.82,-1,-1,-1
125,4,1486.28,148.13,94.58,77.82,0.27,-1,-1,-1
125,3,722.08,937.47,472.33,620.24,0.47,-1,-1,-1
125,2,1101.08,330.73,289.08,742.75,0.92,-1,-1,-1
126,4,1486.32,148.26,94.51,77.75,0.33,-1,-1,-1
126,3,724.11,937.20,470.62,619.20,0.51,-1,-1,-1
126,2,1092.87,336.59,290.63,742.30,0.93,-1,-1,-1
127,4,1486.14,148.36,94.88,78.10,0.26,-1,-1,-1
127,3,731.72,936.64,470.48,617.32,0.52,-1,-1,-1
127,2,1074.32,344.62,299.15,757.47,0.95,-1,-1,-1
128,4,1486.17,148.34,94.82,78.07,0.31,-1,-1,-1
128,3,744.13,935.53,452.23,588.07,0.57,-1,-1,-1
128,2,1040.53,349.50,305.28,759.71,0.90,-1,-1,-1
129,4,1486.17,148.39,94.83,78.10,0.29,-1,-1,-1
129,3,741.48,933.74,450.85,584.44,0.54,-1,-1,-1
129,2,1004.37,346.33,316.88,796.83,0.91,-1,-1,-1
130,4,1486.21,148.58,94.76,78.05,0.27,-1,-1,-1
130,3,738.60,931.29,451.40,584.95,0.55,-1,-1,-1
130,2,974.79,342.42,317.26,803.75,0.90,-1,-1,-1
131,4,1486.34,148.65,94.49,77.81,0.27,-1,-1,-1
131,3,751.76,930.83,419.50,536.40,0.58,-1,-1,-1
131,2,933.19,340.68,324.30,830.54,0.91,-1,-1,-1
132,4,1486.51,148.56,94.16,77.49,0.29,-1,-1,-1
132,3,751.19,932.08,424.93,539.60,0.54,-1,-1,-1
132,2,904.52,344.05,321.23,832.03,0.91,-1,-1,-1
133,4,1486.56,148.42,94.07,77.37,0.33,-1,-1,-1
133,3,742.67,932.52,448.86,570.67,0.61,-1,-1,-1
133,2,854.04,355.12,331.66,874.90,0.78,-1,-1,-1
134,4,1486.68,148.36,93.83,77.09,0.35,-1,-1,-1
134,3,731.05,933.57,467.56,597.97,0.61,-1,-1,-1
134,2,813.48,359.26,329.98,883.16,0.82,-1,-1,-1
135,4,1486.86,148.06,93.47,76.94,0.35,-1,-1,-1
135,3,703.46,931.78,519.19,677.25,0.48,-1,-1,-1
135,2,762.91,362.27,339.13,909.62,0.88,-1,-1,-1
136,4,1487.06,148.00,93.07,76.71,0.35,-1,-1,-1
136,3,685.01,929.84,564.87,753.28,0.38,-1,-1,-1
136,2,727.39,366.14,343.99,911.39,0.87,-1,-1,-1
137,4,1487.16,147.98,92.86,76.63,0.35,-1,-1,-1
137,3,708.16,930.32,515.42,689.71,0.55,-1,-1,-1
137,2,680.79,379.11,358.00,933.59,0.83,-1,-1,-1
138,4,1486.99,147.98,93.21,76.82,0.32,-1,-1,-1
138,3,718.32,929.21,498.12,669.15,0.51,-1,-1,-1
138,2,630.26,390.28,372.99,968.06,0.85,-1,-1,-1
139,4,1487.10,147.81,92.98,76.73,0.36,-1,-1,-1
139,3,720.66,929.26,483.83,651.97,0.57,-1,-1,-1
139,2,594.63,404.65,377.05,980.33,0.49,-1,-1,-1
140,4,1486.85,147.80,93.49,77.09,0.36,-1,-1,-1
140,3,725.09,930.63,464.20,624.26,0.56,-1,-1,-1
140,2,559.39,422.52,375.46,982.55,0.85,-1,-1,-1
141,4,1486.96,148.25,93.27,76.78,0.32,-1,-1,-1
141,3,732.35,932.07,445.61,595.49,0.56,-1,-1,-1
141,2,536.34,435.60,370.42,978.20,0.86,-1,-1,-1
142,4,1486.85,148.42,93.49,76.88,0.29,-1,-1,-1
142,3,740.95,932.61,431.53,573.83,0.55,-1,-1,-1
142,2,505.97,447.63,363.13,971.33,0.72,-1,-1,-1
143,4,1486.87,148.65,93.46,76.75,0.32,-1,-1,-1
143,3,742.39,932.80,428.01,566.94,0.57,-1,-1,-1
143,2,475.97,465.65,361.54,980.16,0.79,-1,-1,-1
144,4,1486.76,148.23,93.68,76.87,0.40,-1,-1,-1
144,3,748.54,932.41,412.80,541.41,0.58,-1,-1,-1
144,2,434.00,488.75,350.72,956.05,0.86,-1,-1,-1
145,4,1486.55,148.35,94.10,77.20,0.35,-1,-1,-1
145,3,747.00,932.26,415.77,541.39,0.57,-1,-1,-1
145,2,391.86,507.95,347.72,946.22,0.85,-1,-1,-1
146,4,1486.64,148.62,93.92,76.99,0.36,-1,-1,-1
146,3,739.44,932.21,433.61,564.30,0.55,-1,-1,-1
146,2,328.69,530.83,358.86,965.50,0.84,-1,-1,-1
147,4,1486.51,148.44,94.18,77.19,0.37,-1,-1,-1
147,3,723.86,933.08,467.55,613.70,0.55,-1,-1,-1
147,2,272.25,547.66,376.61,1005.47,0.84,-1,-1,-1
148,4,1486.54,148.21,94.11,77.09,0.42,-1,-1,-1
148,3,733.11,932.54,453.57,593.31,0.55,-1,-1,-1
148,2,226.28,576.21,378.89,1005.83,0.84,-1,-1,-1
149,4,1486.57,148.06,94.06,77.00,0.45,-1,-1,-1
149,3,738.83,932.31,441.30,572.22,0.55,-1,-1,-1
149,2,187.56,596.07,383.23,1015.64,0.85,-1,-1,-1
150,4,1486.78,148.06,93.63,76.80,0.46,-1,-1,-1
150,3,730.95,932.68,456.72,590.93,0.53,-1,-1,-1
150,2,139.52,619.22,391.24,1041.76,0.83,-1,-1,-1
151,4,1486.94,148.12,93.32,76.67,0.47,-1,-1,-1
151,3,727.25,932.81,463.12,597.71,0.52,-1,-1,-1
151,2,79.94,653.64,397.76,1065.67,0.80,-1,-1,-1
152,4,1487.19,148.20,92.83,76.34,0.48,-1,-1,-1
152,3,727.56,932.41,462.10,594.52,0.53,-1,-1,-1
152,2,1.17,684.32,414.92,1109.08,0.69,-1,-1,-1
153,4,1487.15,148.06,92.89,76.50,0.47,-1,-1,-1
153,3,730.57,932.71,455.03,582.08,0.53,-1,-1,-1
153,2,-118.03,719.92,416.37,1089.84,0.21,-1,-1,-1
154,4,1487.18,147.90,92.85,76.56,0.47,-1,-1,-1
154,3,729.02,932.37,455.95,581.37,0.52,-1,-1,-1
155,4,1486.87,148.51,93.47,77.25,0.29,-1,-1,-1
155,3,730.57,931.79,452.94,575.30,0.53,-1,-1,-1
156,4,1486.81,148.74,93.58,77.51,0.29,-1,-1,-1
156,3,730.31,931.58,454.41,575.73,0.54,-1,-1,-1
157,4,1486.60,148.60,94.01,77.83,0.28,-1,-1,-1
157,3,730.14,931.50,454.21,575.02,0.54,-1,-1,-1
158,4,1486.64,148.44,93.92,77.95,0.29,-1,-1,-1
158,3,728.76,930.58,456.78,578.37,0.55,-1,-1,-1
159,4,1486.86,148.54,93.48,77.72,0.28,-1,-1,-1
159,3,720.19,930.68,477.41,607.74,0.53,-1,-1,-1
160,4,1486.98,148.69,93.23,77.62,0.31,-1,-1,-1
160,3,725.68,929.85,467.74,595.94,0.55,-1,-1,-1
161,4,1486.93,148.80,93.34,77.86,0.30,-1,-1,-1
161,3,728.43,930.42,458.28,583.97,0.56,-1,-1,-1
162,4,1487.07,149.17,93.06,77.73,0.33,-1,-1,-1
162,3,732.61,930.20,451.12,573.58,0.57,-1,-1,-1
163,4,1487.24,149.15,92.72,77.51,0.34,-1,-1,-1
163,3,729.26,930.57,453.76,576.45,0.54,-1,-1,-1
164,4,1487.33,149.02,92.55,77.42,0.32,-1,-1,-1
164,3,724.85,931.16,461.09,586.04,0.54,-1,-1,-1
165,4,1487.38,149.08,92.44,77.39,0.27,-1,-1,-1
165,3,724.44,930.49,463.13,588.77,0.54,-1,-1,-1
166,4,1487.33,149.05,92.54,77.55,0.29,-1,-1,-1
166,3,726.36,930.24,459.78,583.56,0.54,-1,-1,-1
167,4,1487.45,149.15,92.30,77.38,0.23,-1,-1,-1
167,3,732.85,930.15,448.79,566.36,0.54,-1,-1,-1
168,4,1487.13,148.90,92.93,78.04,0.28,-1,-1,-1
168,3,734.97,930.12,445.32,558.95,0.52,-1,-1,-1
169,4,1486.93,148.92,93.34,78.29,0.21,-1,-1,-1
169,3,730.68,929.66,450.59,563.95,0.51,-1,-1,-1
170,4,1486.78,148.93,93.63,78.72,0.20,-1,-1,-1
170,3,732.65,929.94,445.40,554.70,0.53,-1,-1,-1
171,4,1487.21,148.87,92.78,78.04,0.33,-1,-1,-1
171,3,735.85,929.60,443.96,549.92,0.54,-1,-1,-1
172,4,1487.85,148.85,91.51,76.89,0.52,-1,-1,-1
172,3,735.41,929.93,443.09,545.99,0.52,-1,-1,-1
173,4,1488.17,148.84,90.86,76.23,0.50,-1,-1,-1
173,3,734.35,930.05,444.57,545.53,0.53,-1,-1,-1
173,5,1639.76,214.52,124.64,301.45,0.63,-1,-1,-1
174,4,1487.71,148.56,91.78,77.05,0.52,-1,-1,-1
174,3,695.07,931.00,536.35,671.12,0.35,-1,-1,-1
174,5,1634.14,214.62,123.82,300.10,0.73,-1,-1,-1
175,4,1487.67,148.34,91.87,77.14,0.56,-1,-1,-1
175,3,684.95,931.33,559.60,712.93,0.36,-1,-1,-1
175,5,1629.24,215.18,123.27,299.65,0.72,-1,-1,-1
176,4,1487.20,148.04,92.81,78.06,0.59,-1,-1,-1
176,3,682.41,931.47,565.06,731.96,0.36,-1,-1,-1
176,5,1619.80,214.59,123.05,300.06,0.43,-1,-1,-1
177,4,1487.91,148.59,91.38,76.75,0.58,-1,-1,-1
177,3,689.52,931.53,546.61,716.75,0.42,-1,-1,-1
177,5,1610.19,215.73,122.74,299.11,0.21,-1,-1,-1
178,4,1487.57,148.36,92.07,77.14,0.45,-1,-1,-1
178,3,691.15,931.54,541.60,717.80,0.41,-1,-1,-1
178,5,1595.45,218.15,123.19,297.49,0.85,-1,-1,-1
179,4,1487.42,148.78,92.36,77.45,0.45,-1,-1,-1
179,3,696.92,932.42,528.48,706.46,0.40,-1,-1,-1
179,5,1582.93,219.69,125.50,299.29,0.61,-1,-1,-1
180,4,1487.03,148.60,93.14,78.02,0.39,-1,-1,-1
180,3,701.94,932.76,516.05,693.65,0.44,-1,-1,-1
180,5,1573.20,222.29,128.28,304.11,0.50,-1,-1,-1
181,4,1486.63,148.53,93.95,78.67,0.34,-1,-1,-1
181,3,703.20,931.99,512.59,693.72,0.42,-1,-1,-1
181,5,1567.04,222.29,129.75,307.25,0.72,-1,-1,-1
182,4,1486.90,148.67,93.41,78.09,0.33,-1,-1,-1
182,3,705.39,930.81,506.06,689.07,0.42,-1,-1,-1
183,4,1487.34,149.34,92.51,77.36,0.42,-1,-1,-1
183,3,710.62,930.80,492.13,671.48,0.44,-1,-1,-1
184,4,1487.52,149.37,92.16,77.08,0.47,-1,-1,-1
184,3,711.00,931.25,492.74,674.85,0.42,-1,-1,-1
184,5,1554.86,223.83,131.18,313.63,0.51,-1,-1,-1
185,4,1487.71,149.26,91.79,76.75,0.55,-1,-1,-1
185,3,707.87,930.53,497.74,684.91,0.40,-1,-1,-1
185,5,1549.27,228.77,133.81,323.22,0.33,-1,-1,-1
186,4,1487.77,149.33,91.66,76.63,0.60,-1,-1,-1
186,3,702.28,931.14,508.44,703.66,0.38,-1,-1,-1
186,5,1546.12,233.91,133.62,325.07,0.28,-1,-1,-1
187,4,1487.90,149.47,91.40,76.37,0.61,-1,-1,-1
187,3,704.23,931.38,503.50,699.22,0.39,-1,-1,-1
187,5,1543.42,240.57,135.28,330.71,0.75,-1,-1,-1
188,4,1487.94,149.52,91.33,76.27,0.61,-1,-1,-1
188,3,706.04,930.58,498.60,694.58,0.37,-1,-1,-1
188,5,1542.35,242.37,136.39,334.55,0.30,-1,-1,-1
189,4,1487.70,149.42,91.79,76.68,0.64,-1,-1,-1
189,3,711.03,930.28,488.16,680.18,0.41,-1,-1,-1
189,5,1542.27,243.85,136.58,334.62,0.11,-1,-1,-1
190,4,1487.82,149.44,91.55,76.45,0.64,-1,-1,-1
190,3,713.62,930.61,482.83,673.22,0.39,-1,-1,-1
191,4,1487.77,149.50,91.66,76.54,0.63,-1,-1,-1
191,3,718.40,930.74,473.22,658.92,0.40,-1,-1,-1
192,4,1487.86,149.64,91.47,76.35,0.64,-1,-1,-1
192,3,718.85,930.34,471.44,655.78,0.38,-1,-1,-1
193,4,1488.14,149.63,90.91,75.77,0.60,-1,-1,-1
193,3,722.11,930.64,462.79,641.63,0.41,-1,-1,-1
194,4,1490.14,149.12,88.70,74.05,0.63,-1,-1,-1
194,3,725.69,932.57,461.20,640.00,0.36,-1,-1,-1
195,4,1489.79,148.64,90.09,75.38,0.62,-1,-1,-1
195,3,727.77,933.72,458.21,635.45,0.37,-1,-1,-1
196,4,1489.67,148.30,90.56,75.93,0.61,-1,-1,-1
196,3,727.15,933.70,458.98,636.10,0.37,-1,-1,-1
197,4,1489.89,148.29,90.21,75.48,0.52,-1,-1,-1
197,3,725.81,933.23,464.17,643.18,0.36,-1,-1,-1
198,4,1489.77,148.34,90.47,75.59,0.42,-1,-1,-1
198,3,724.35,933.49,469.80,651.70,0.35,-1,-1,-1
199,4,1490.51,147.98,90.78,76.02,0.51,-1,-1,-1
199,3,731.79,930.47,455.93,628.73,0.41,-1,-1,-1
200,4,1490.72,147.95,91.02,76.41,0.44,-1,-1,-1
200,3,732.39,930.20,452.38,620.83,0.43,-1,-1,-1
201,4,1489.95,148.06,91.02,76.33,0.51,-1,-1,-1
201,3,730.45,931.01,452.66,619.83,0.45,-1,-1,-1
202,4,1489.74,148.21,90.83,76.08,0.58,-1,-1,-1
202,3,736.40,931.32,437.62,595.33,0.46,-1,-1,-1
203,4,1489.63,148.39,90.83,75.98,0.50,-1,-1,-1
203,3,735.83,930.07,438.49,593.99,0.46,-1,-1,-1
204,4,1490.56,148.34,90.65,75.72,0.48,-1,-1,-1
204,3,735.46,929.62,440.06,593.68,0.48,-1,-1,-1
205,4,1491.10,148.44,90.20,75.18,0.52,-1,-1,-1
205,3,736.86,929.91,438.48,588.80,0.46,-1,-1,-1
206,4,1491.37,148.36,89.88,74.98,0.51,-1,-1,-1
206,3,740.56,929.57,432.44,575.89,0.49,-1,-1,-1
207,4,1490.68,148.39,89.56,74.74,0.57,-1,-1,-1
207,3,741.31,929.91,432.36,571.73,0.48,-1,-1,-1
208,3,694.60,939.07,523.60,702.32,0.42,-1,-1,-1
209,3,677.92,942.69,558.68,759.80,0.41,-1,-1,-1
209,6,727.53,367.00,52.89,126.76,0.90,-1,-1,-1
209,7,1367.84,366.80,53.56,126.09,0.90,-1,-1,-1
209,8,87.48,368.82,52.44,125.69,0.89,-1,-1,-1
210,3,675.80,944.60,563.66,775.81,0.43,-1,-1,-1
210,6,728.13,367.15,52.74,126.35,0.91,-1,-1,-1
210,7,1368.13,367.11,53.38,125.67,0.90,-1,-1,-1
210,8,87.78,368.87,52.43,125.58,0.89,-1,-1,-1
211,3,676.63,944.90,561.46,781.22,0.42,-1,-1,-1
211,6,728.20,367.21,52.93,126.74,0.91,-1,-1,-1
211,7,1367.84,367.74,53.07,125.01,0.90,-1,-1,-1
211,8,88.11,369.42,52.22,125.02,0.90,-1,-1,-1
212,3,678.44,945.83,556.74,781.92,0.42,-1,-1,-1
212,6,727.82,367.47,52.77,126.36,0.91,-1,-1,-1
212,7,1367.85,368.43,52.74,124.31,0.90,-1,-1,-1
212,8,88.26,369.84,52.16,124.85,0.90,-1,-1,-1
213,3,680.44,946.16,553.17,783.42,0.43,-1,-1,-1
213,6,727.65,368.29,52.78,126.24,0.91,-1,-1,-1
213,7,1368.03,368.64,52.79,124.59,0.91,-1,-1,-1
213,8,88.44,369.96,52.37,125.30,0.90,-1,-1,-1
214,3,681.72,945.80,550.78,786.61,0.43,-1,-1,-1
214,6,728.27,369.28,52.39,125.25,0.91,-1,-1,-1
214,7,1368.22,369.17,52.56,124.23,0.90,-1,-1,-1
214,8,88.71,369.75,52.59,125.93,0.90,-1,-1,-1
215,3,684.80,945.63,545.56,784.78,0.43,-1,-1,-1
215,6,728.86,369.84,52.45,125.37,0.91,-1,-1,-1
215,7,1368.22,369.33,52.63,124.59,0.91,-1,-1,-1
215,8,89.06,369.90,52.61,126.16,0.90,-1,-1,-1
216,3,688.63,946.40,540.04,781.89,0.43,-1,-1,-1
216,6,728.68,370.49,52.30,124.97,0.90,-1,-1,-1
216,7,1368.24,369.84,52.59,124.73,0.90,-1,-1,-1
216,8,88.86,370.87,52.32,125.32,0.90,-1,-1,-1
217,3,691.13,945.78,535.84,780.40,0.43,-1,-1,-1
217,6,729.06,370.94,52.27,124.83,0.90,-1,-1,-1
217,7,1367.85,368.40,53.39,127.07,0.90,-1,-1,-1
217,8,88.86,370.76,52.52,125.92,0.89,-1,-1,-1
218,3,693.76,946.40,529.11,774.19,0.43,-1,-1,-1
218,6,728.65,370.85,52.45,125.24,0.90,-1,-1,-1
218,7,1367.93,368.54,53.23,127.04,0.90,-1,-1,-1
218,8,88.85,370.71,52.70,126.60,0.90,-1,-1,-1
219,3,696.52,946.16,524.79,771.07,0.44,-1,-1,-1
219,6,728.32,370.35,52.86,126.31,0.91,-1,-1,-1
219,7,1367.51,367.68,53.63,128.37,0.90,-1,-1,-1
219,8,88.44,370.46,52.90,127.30,0.90,-1,-1,-1
220,3,696.07,946.05,526.13,776.77,0.43,-1,-1,-1
220,6,728.04,369.47,53.32,127.61,0.90,-1,-1,-1
220,7,1367.48,367.81,53.52,128.41,0.90,-1,-1,-1
220,8,87.67,370.35,53.18,128.00,0.90,-1,-1,-1
221,3,695.41,945.54,527.60,782.72,0.43,-1,-1,-1
221,6,727.42,369.13,53.61,128.54,0.90,-1,-1,-1
221,7,1366.45,367.63,53.72,129.30,0.90,-1,-1,-1
221,8,87.04,369.86,53.63,129.16,0.91,-1,-1,-1
222,3,697.43,946.21,523.61,779.48,0.43,-1,-1,-1
222,6,726.77,369.22,53.66,128.89,0.91,-1,-1,-1
222,7,1366.20,368.01,53.54,129.18,0.90,-1,-1,-1
222,8,86.42,369.90,53.66,129.13,0.91,-1,-1,-1
223,3,697.40,945.57,524.58,784.24,0.42,-1,-1,-1
223,6,726.64,369.47,53.46,128.56,0.91,-1,-1,-1
223,7,1365.34,367.49,53.65,130.01,0.90,-1,-1,-1
223,8,85.90,370.36,53.47,128.66,0.90,-1,-1,-1
224,3,699.42,947.08,521.74,783.22,0.41,-1,-1,-1
224,6,726.17,369.79,53.34,128.43,0.91,-1,-1,-1
224,7,1364.92,367.73,53.46,129.87,0.90,-1,-1,-1
224,8,85.32,370.97,53.17,128.02,0.90,-1,-1,-1
225,3,700.11,947.20,521.70,786.65,0.41,-1,-1,-1
225,6,725.86,371.25,52.66,127.03,0.91,-1,-1,-1
225,7,1364.89,368.27,53.15,129.35,0.90,-1,-1,-1
225,8,84.86,372.32,52.70,126.88,0.90,-1,-1,-1
226,3,703.68,946.34,515.95,779.82,0.42,-1,-1,-1
226,6,725.40,372.01,52.23,126.49,0.91,-1,-1,-1
226,7,1364.03,368.70,52.97,129.15,0.91,-1,-1,-1
226,8,84.49,372.82,52.45,126.44,0.91,-1,-1,-1
227,3,705.39,946.89,512.13,776.16,0.41,-1,-1,-1
227,6,724.84,372.29,51.95,126.29,0.91,-1,-1,-1
227,7,1364.07,369.53,52.63,128.61,0.90,-1,-1,-1
227,8,83.42,373.45,52.45,126.28,0.91,-1,-1,-1
228,3,707.95,946.64,507.75,770.67,0.42,-1,-1,-1
228,6,724.70,372.38,51.73,126.22,0.91,-1,-1,-1
228,7,1363.24,369.84,52.44,128.41,0.90,-1,-1,-1
228,8,82.83,373.22,52.64,126.67,0.91,-1,-1,-1
229,3,706.84,947.42,509.32,774.78,0.42,-1,-1,-1
229,6,724.63,372.18,51.72,126.64,0.91,-1,-1,-1
229,7,1363.31,370.39,52.09,127.88,0.91,-1,-1,-1
229,8,82.75,372.90,52.79,127.26,0.91,-1,-1,-1
230,3,707.13,947.71,511.15,778.94,0.41,-1,-1,-1
230,6,724.21,372.32,51.61,126.81,0.91,-1,-1,-1
230,7,1363.22,369.92,52.20,128.57,0.90,-1,-1,-1
230,8,82.55,372.77,52.96,127.93,0.91,-1,-1,-1
231,3,702.83,946.03,517.98,791.14,0.42,-1,-1,-1
231,6,724.02,372.36,51.66,127.76,0.91,-1,-1,-1
231,7,1362.71,369.52,52.33,129.72,0.90,-1,-1,-1
231,8,82.42,372.94,53.08,128.63,0.91,-1,-1,-1
232,3,703.15,945.38,516.64,790.37,0.42,-1,-1,-1
232,6,723.68,371.70,52.25,129.90,0.91,-1,-1,-1
232,7,1362.44,368.91,53.00,131.93,0.90,-1,-1,-1
232,8,82.08,372.33,53.64,130.67,0.91,-1,-1,-1
233,3,706.76,947.80,508.27,777.50,0.41,-1,-1,-1
233,6,723.04,371.44,52.62,131.59,0.91,-1,-1,-1
233,7,1362.26,368.68,53.44,133.64,0.91,-1,-1,-1
233,8,81.75,371.43,54.15,132.76,0.91,-1,-1,-1
234,3,703.28,945.14,512.08,784.14,0.40,-1,-1,-1
234,6,723.33,371.78,52.60,132.22,0.91,-1,-1,-1
234,7,1362.19,368.81,53.62,134.72,0.90,-1,-1,-1
234,8,81.74,371.08,54.57,134.42,0.91,-1,-1,-1
235,3,702.09,945.47,514.17,788.80,0.42,-1,-1,-1
235,6,723.32,371.91,52.86,133.33,0.91,-1,-1,-1
235,7,1362.40,369.97,53.24,134.23,0.90,-1,-1,-1
235,8,81.74,371.39,54.63,135.04,0.91,-1,-1,-1
236,3,702.28,945.16,512.81,787.40,0.43,-1,-1,-1
236,6,723.07,371.07,53.47,135.50,0.91,-1,-1,-1
236,7,1363.35,370.41,53.15,134.46,0.91,-1,-1,-1
236,8,82.13,371.29,54.80,136.13,0.91,-1,-1,-1
237,3,701.01,944.15,515.00,792.14,0.42,-1,-1,-1
237,6,723.56,371.19,53.42,136.31,0.91,-1,-1,-1
237,7,1363.55,370.57,53.46,135.86,0.91,-1,-1,-1
237,8,82.58,371.26,54.81,136.97,0.91,-1,-1,-1
238,3,707.15,944.66,506.13,778.76,0.41,-1,-1,-1
238,6,724.08,371.68,53.62,137.47,0.92,-1,-1,-1
238,7,1363.54,370.41,53.74,137.26,0.91,-1,-1,-1
238,8,83.24,371.91,54.60,137.26,0.92,-1,-1,-1
239,3,706.93,946.65,506.11,779.86,0.43,-1,-1,-1
239,6,724.73,372.08,53.69,137.89,0.92,-1,-1,-1
239,7,1364.43,370.56,53.84,138.22,0.91,-1,-1,-1
239,8,84.02,372.60,54.50,137.34,0.92,-1,-1,-1
240,3,701.48,943.83,514.16,794.54,0.42,-1,-1,-1
240,6,725.46,372.24,53.65,138.02,0.92,-1,-1,-1
240,7,1365.78,370.39,54.06,139.00,0.91,-1,-1,-1
240,8,84.87,373.08,54.34,136.90,0.92,-1,-1,-1
241,3,698.28,942.76,517.71,802.68,0.43,-1,-1,-1
241,6,726.07,371.85,53.85,138.49,0.92,-1,-1,-1
241,7,1366.06,370.32,54.16,139.27,0.91,-1,-1,-1
241,8,85.55,373.48,54.31,136.71,0.92,-1,-1,-1
242,3,699.74,943.25,512.83,796.85,0.43,-1,-1,-1
242,6,726.66,371.47,54.07,139.08,0.92,-1,-1,-1
242,7,1366.91,370.07,54.48,140.24,0.91,-1,-1,-1
242,8,86.26,373.18,54.63,137.51,0.92,-1,-1,-1
243,3,700.68,941.67,512.90,798.98,0.42,-1,-1,-1
243,6,727.33,371.55,54.15,139.28,0.92,-1,-1,-1
243,7,1367.24,369.98,54.56,140.58,0.92,-1,-1,-1
243,8,86.81,373.06,54.71,137.80,0.92,-1,-1,-1
244,3,700.86,941.08,513.31,801.49,0.42,-1,-1,-1
244,6,727.96,371.58,54.29,139.34,0.93,-1,-1,-1
244,7,1368.01,370.16,54.62,140.68,0.92,-1,-1,-1
244,8,87.49,373.46,54.67,137.45,0.92,-1,-1,-1
245,3,703.71,943.53,510.58,798.82,0.43,-1,-1,-1
245,6,728.91,371.59,54.68,139.78,0.92,-1,-1,-1
245,7,1368.51,371.34,54.20,139.37,0.91,-1,-1,-1
245,8,88.18,373.61,54.88,137.74,0.92,-1,-1,-1
246,3,706.93,943.59,505.29,791.50,0.42,-1,-1,-1
246,6,729.59,372.04,55.06,139.93,0.92,-1,-1,-1
246,7,1369.53,371.34,54.57,139.74,0.92,-1,-1,-1
246,8,88.70,373.43,55.41,138.73,0.92,-1,-1,-1
247,3,702.14,941.38,513.49,807.02,0.43,-1,-1,-1
247,6,730.65,372.65,55.34,139.52,0.92,-1,-1,-1
247,7,1369.92,372.00,54.67,139.42,0.92,-1,-1,-1
247,8,89.24,374.03,55.78,139.09,0.91,-1,-1,-1
248,3,708.49,941.88,502.94,790.20,0.42,-1,-1,-1
248,6,730.70,372.88,56.11,140.23,0.92,-1,-1,-1
248,7,1369.59,372.02,55.19,140.17,0.92,-1,-1,-1
248,8,89.42,374.03,56.38,140.09,0.92,-1,-1,-1
249,3,701.51,938.95,515.94,813.68,0.42,-1,-1,-1
249,6,730.88,373.63,56.93,140.93,0.92,-1,-1,-1
249,7,1369.32,372.69,55.64,140.89,0.92,-1,-1,-1
249,8,89.48,374.91,56.82,140.46,0.92,-1,-1,-1
250,3,702.19,939.20,512.45,809.53,0.41,-1,-1,-1
250,6,730.34,374.13,57.54,141.63,0.92,-1,-1,-1
250,7,1369.31,372.93,56.48,142.48,0.92,-1,-1,-1
250,8,89.27,375.46,57.30,141.03,0.92,-1,-1,-1
251,3,700.55,939.32,515.80,816.71,0.39,-1,-1,-1
251,6,729.58,374.76,57.94,141.87,0.92,-1,-1,-1
251,7,1368.74,373.46,57.03,143.07,0.92,-1,-1,-1
251,8,89.14,375.89,57.66,141.22,0.92,-1,-1,-1
252,3,708.11,942.93,501.60,793.62,0.40,-1,-1,-1
252,6,729.65,375.43,58.24,141.95,0.92,-1,-1,-1
252,7,1368.43,374.10,57.40,143.27,0.92,-1,-1,-1
252,8,88.99,376.48,58.09,141.72,0.92,-1,-1,-1
253,3,705.42,940.28,505.53,801.29,0.41,-1,-1,-1
253,6,729.07,375.90,58.65,142.41,0.92,-1,-1,-1
253,7,1368.40,374.55,57.77,143.77,0.92,-1,-1,-1
253,8,89.02,377.36,58.27,141.90,0.92,-1,-1,-1
254,3,705.58,938.86,507.34,805.45,0.39,-1,-1,-1
254,6,728.72,376.51,59.04,142.56,0.92,-1,-1,-1
254,7,1368.42,375.38,57.85,143.50,0.92,-1,-1,-1
254,8,88.72,378.35,58.37,141.95,0.92,-1,-1,-1
255,3,707.45,939.22,505.31,802.56,0.38,-1,-1,-1
255,6,728.48,376.73,59.39,143.05,0.92,-1,-1,-1
255,7,1368.30,375.68,58.11,143.82,0.92,-1,-1,-1
255,8,88.57,378.71,58.70,142.39,0.92,-1,-1,-1
256,3,706.92,939.37,505.24,803.20,0.39,-1,-1,-1
256,6,728.25,376.57,59.77,144.11,0.92,-1,-1,-1
256,7,1368.13,376.00,58.43,144.37,0.92,-1,-1,-1
256,8,88.01,378.83,59.01,142.99,0.92,-1,-1,-1
257,3,709.68,939.00,500.17,794.06,0.38,-1,-1,-1
257,6,727.73,376.72,59.88,144.50,0.92,-1,-1,-1
257,7,1368.04,376.11,58.60,144.57,0.92,-1,-1,-1
257,8,87.44,379.09,59.18,143.20,0.92,-1,-1,-1
258,3,708.40,938.41,503.79,799.99,0.37,-1,-1,-1
258,6,727.47,376.77,60.05,145.07,0.92,-1,-1,-1
258,7,1367.90,375.91,58.86,145.07,0.92,-1,-1,-1
258,8,87.12,379.17,59.54,143.71,0.92,-1,-1,-1
259,3,706.24,938.21,507.62,806.67,0.37,-1,-1,-1
259,6,726.86,376.33,60.23,145.71,0.92,-1,-1,-1
259,7,1367.76,375.60,59.13,145.69,0.92,-1,-1,-1
259,8,86.90,378.52,59.88,144.34,0.92,-1,-1,-1
260,3,705.52,937.25,507.07,805.62,0.37,-1,-1,-1
260,6,726.80,376.60,59.95,145.50,0.92,-1,-1,-1
260,7,1367.69,375.70,59.24,145.91,0.92,-1,-1,-1
260,8,86.87,378.48,60.22,145.00,0.92,-1,-1,-1
261,3,703.92,936.90,509.52,810.54,0.37,-1,-1,-1
261,6,726.31,376.48,59.90,145.84,0.92,-1,-1,-1
261,7,1366.65,375.51,59.10,145.98,0.92,-1,-1,-1
261,8,86.54,377.79,60.43,145.68,0.92,-1,-1,-1
262,3,698.93,936.78,519.22,828.37,0.38,-1,-1,-1
262,6,725.80,376.64,59.64,145.95,0.92,-1,-1,-1
262,7,1366.47,375.42,59.03,146.43,0.91,-1,-1,-1
262,8,85.84,377.97,60.44,145.92,0.92,-1,-1,-1
263,3,698.38,937.63,521.08,833.28,0.38,-1,-1,-1
263,6,725.75,377.15,59.25,145.98,0.92,-1,-1,-1
263,7,1365.46,375.61,58.68,146.59,0.91,-1,-1,-1
263,8,85.21,378.47,60.29,146.00,0.91,-1,-1,-1
264,3,695.98,936.64,526.19,844.35,0.38,-1,-1,-1
264,6,725.85,377.78,58.89,145.98,0.92,-1,-1,-1
264,7,1365.20,376.34,58.32,146.64,0.91,-1,-1,-1
264,8,85.22,378.66,60.28,146.45,0.91,-1,-1,-1
265,3,697.28,937.59,522.84,840.93,0.38,-1,-1,-1
265,6,725.76,378.01,59.01,147.30,0.92,-1,-1,-1
265,7,1365.05,376.61,58.29,147.53,0.92,-1,-1,-1
265,8,85.38,378.73,60.42,147.50,0.92,-1,-1,-1
266,3,700.94,937.53,513.45,826.57,0.38,-1,-1,-1
266,6,725.84,378.75,58.84,147.79,0.92,-1,-1,-1
266,7,1365.03,377.15,58.21,148.30,0.92,-1,-1,-1
266,8,85.40,379.19,60.33,148.32,0.92,-1,-1,-1
267,3,699.87,937.06,514.81,830.37,0.39,-1,-1,-1
267,6,725.98,379.69,58.57,147.96,0.92,-1,-1,-1
267,7,1365.39,378.24,57.91,148.58,0.92,-1,-1,-1
267,8,85.55,380.02,60.14,149.06,0.92,-1,-1,-1
268,3,700.64,938.23,512.98,828.63,0.39,-1,-1,-1
268,6,726.05,380.48,58.44,148.45,0.92,-1,-1,-1
268,7,1366.21,378.86,57.79,149.11,0.92,-1,-1,-1
268,8,85.75,380.56,60.00,149.77,0.92,-1,-1,-1
269,3,710.53,940.90,491.32,790.02,0.41,-1,-1,-1
269,6,726.54,380.76,58.36,149.07,0.92,-1,-1,-1
269,7,1366.91,378.87,57.84,149.74,0.91,-1,-1,-1
269,8,86.44,380.53,60.06,150.90,0.92,-1,-1,-1
270,3,709.03,941.48,494.55,793.83,0.40,-1,-1,-1
270,6,727.18,381.08,58.31,149.73,0.92,-1,-1,-1
270,7,1366.86,379.74,57.62,149.97,0.91,-1,-1,-1
270,8,86.90,380.95,60.01,151.75,0.91,-1,-1,-1
271,3,707.90,940.33,495.99,794.83,0.41,-1,-1,-1
271,6,727.81,381.41,58.41,150.85,0.92,-1,-1,-1
271,7,1367.08,379.84,57.94,151.37,0.91,-1,-1,-1
271,8,87.68,381.99,59.79,152.06,0.91,-1,-1,-1
272,3,705.08,941.23,501.33,802.91,0.41,-1,-1,-1
272,6,729.09,381.52,58.13,151.26,0.92,-1,-1,-1
272,7,1368.19,380.53,57.79,151.44,0.91,-1,-1,-1
272,8,88.72,382.81,59.31,151.70,0.91,-1,-1,-1
273,3,704.05,942.01,503.31,805.55,0.41,-1,-1,-1
273,6,730.07,381.77,57.92,151.40,0.92,-1,-1,-1
273,7,1369.36,381.44,57.55,151.00,0.91,-1,-1,-1
273,8,89.40,382.67,59.10,151.99,0.91,-1,-1,-1
274,3,700.83,941.41,511.53,819.96,0.40,-1,-1,-1
274,6,731.03,382.51,57.55,150.98,0.92,-1,-1,-1
274,7,1369.75,381.55,57.56,151.26,0.92,-1,-1,-1
274,8,90.10,382.82,58.91,152.08,0.91,-1,-1,-1
275,3,696.24,940.28,520.49,836.90,0.41,-1,-1,-1
275,6,731.29,381.89,57.58,151.70,0.92,-1,-1,-1
275,7,1369.77,380.91,57.80,152.24,0.92,-1,-1,-1
275,8,90.69,382.42,58.83,152.54,0.91,-1,-1,-1
276,3,694.89,939.85,523.12,843.29,0.40,-1,-1,-1
276,6,731.90,382.09,57.45,151.51,0.92,-1,-1,-1
276,7,1370.94,380.65,57.76,152.59,0.92,-1,-1,-1
276,8,91.35,382.71,58.56,152.25,0.91,-1,-1,-1
277,3,695.92,941.45,523.70,846.51,0.41,-1,-1,-1
277,6,731.99,381.49,57.64,152.32,0.92,-1,-1,-1
277,7,1371.92,379.88,57.99,153.60,0.92,-1,-1,-1
277,8,91.82,382.36,58.56,152.57,0.91,-1,-1,-1
278,3,694.66,940.29,525.44,852.05,0.40,-1,-1,-1
278,6,732.42,381.47,57.78,152.61,0.92,-1,-1,-1
278,7,1372.32,379.57,58.00,153.96,0.92,-1,-1,-1
278,8,92.08,382.22,58.70,153.13,0.91,-1,-1,-1
279,3,694.35,939.85,526.66,856.68,0.40,-1,-1,-1
279,6,732.94,381.24,57.99,153.15,0.92,-1,-1,-1
279,7,1372.24,379.45,57.98,154.08,0.92,-1,-1,-1
279,8,92.60,381.94,59.00,153.77,0.91,-1,-1,-1
280,3,695.93,940.56,523.73,853.89,0.41,-1,-1,-1
280,6,733.51,381.37,58.19,153.34,0.92,-1,-1,-1
280,7,1373.41,379.41,58.21,154.56,0.92,-1,-1,-1
280,8,93.33,381.82,59.23,153.99,0.91,-1,-1,-1
281,3,704.05,941.72,508.46,827.79,0.41,-1,-1,-1
281,6,733.98,381.41,58.62,154.28,0.92,-1,-1,-1
281,7,1374.39,379.83,58.53,155.16,0.91,-1,-1,-1
281,8,93.66,381.78,59.75,154.95,0.92,-1,-1,-1
282,3,705.41,942.16,506.11,824.00,0.41,-1,-1,-1
282,6,735.05,381.42,59.62,155.51,0.91,-1,-1,-1
282,7,1374.33,380.21,59.04,156.27,0.91,-1,-1,-1
282,8,94.17,381.76,60.37,155.75,0.92,-1,-1,-1
283,3,707.73,942.32,501.59,815.44,0.40,-1,-1,-1
283,6,735.16,381.42,60.57,157.29,0.92,-1,-1,-1
283,7,1375.20,380.35,59.61,157.11,0.91,-1,-1,-1
283,8,94.44,381.75,61.30,157.36,0.92,-1,-1,-1
284,3,708.53,943.72,499.12,810.00,0.40,-1,-1,-1
284,6,737.06,381.64,61.59,157.95,0.90,-1,-1,-1
284,7,1375.50,380.84,60.30,157.85,0.91,-1,-1,-1
284,8,95.22,381.96,62.25,158.40,0.91,-1,-1,-1
285,3,708.05,943.78,501.55,812.97,0.40,-1,-1,-1
285,6,737.11,381.72,62.41,159.06,0.92,-1,-1,-1
285,7,1375.12,381.25,60.63,158.12,0.92,-1,-1,-1
285,8,95.04,382.26,62.97,159.66,0.92,-1,-1,-1
285,10,490.74,423.02,93.26,170.37,0.52,-1,-1,-1
286,3,709.64,943.80,498.92,806.98,0.39,-1,-1,-1
286,6,736.86,381.75,63.19,159.91,0.92,-1,-1,-1
286,7,1375.76,381.40,61.35,159.08,0.91,-1,-1,-1
286,8,95.21,382.60,63.51,160.11,0.92,-1,-1,-1
286,10,489.09,420.83,94.90,173.29,0.52,-1,-1,-1
287,3,710.75,943.79,499.59,806.57,0.38,-1,-1,-1
287,6,737.46,382.42,63.82,159.76,0.90,-1,-1,-1
287,7,1375.72,381.89,61.72,158.98,0.91,-1,-1,-1
287,8,95.36,383.17,63.82,159.82,0.92,-1,-1,-1
287,10,488.67,420.62,95.17,173.74,0.60,-1,-1,-1
288,3,709.60,942.88,502.05,809.17,0.38,-1,-1,-1
288,6,736.65,382.89,64.31,160.12,0.91,-1,-1,-1
288,7,1375.75,382.29,62.15,159.37,0.91,-1,-1,-1
288,8,95.34,383.82,64.40,160.12,0.91,-1,-1,-1
288,10,488.88,421.13,94.63,172.79,0.67,-1,-1,-1
289,3,713.90,944.32,496.19,797.70,0.39,-1,-1,-1
289,6,735.78,383.29,64.69,160.67,0.92,-1,-1,-1
289,7,1375.61,382.66,62.61,159.94,0.91,-1,-1,-1
289,8,95.17,384.28,65.02,160.66,0.91,-1,-1,-1
289,10,488.78,423.53,93.34,170.46,0.68,-1,-1,-1
289,11,1128.67,423.77,97.33,170.64,0.57,-1,-1,-1
290,3,714.93,945.76,495.13,794.32,0.39,-1,-1,-1
290,6,734.95,383.21,64.90,160.86,0.92,-1,-1,-1
290,7,1375.07,382.12,63.25,161.03,0.92,-1,-1,-1
290,8,94.12,384.23,65.29,161.29,0.91,-1,-1,-1
290,10,488.74,423.65,93.44,170.61,0.71,-1,-1,-1
290,11,1128.74,423.09,98.02,171.79,0.65,-1,-1,-1
291,3,711.49,946.28,499.66,801.22,0.39,-1,-1,-1
291,6,734.13,383.17,65.07,161.36,0.92,-1,-1,-1
291,7,1374.98,381.91,63.69,161.86,0.92,-1,-1,-1
291,8,93.23,384.20,65.23,161.50,0.91,-1,-1,-1
291,10,488.26,424.62,93.49,170.67,0.67,-1,-1,-1
291,11,1128.53,423.65,97.67,171.12,0.69,-1,-1,-1
291,12,1767.30,415.87,99.60,179.68,0.74,-1,-1,-1
292,3,714.32,945.57,495.77,794.06,0.39,-1,-1,-1
292,6,733.42,382.93,65.01,161.97,0.91,-1,-1,-1
292,7,1373.95,381.60,63.61,162.60,0.91,-1,-1,-1
292,8,92.47,383.96,65.26,162.45,0.91,-1,-1,-1
292,10,487.87,423.56,94.44,172.55,0.69,-1,-1,-1
292,11,1127.83,423.59,97.80,171.38,0.72,-1,-1,-1
292,12,1767.75,416.86,98.71,178.02,0.75,-1,-1,-1
293,3,713.72,945.29,497.64,796.78,0.39,-1,-1,-1
293,6,732.85,382.83,64.71,162.62,0.92,-1,-1,-1
293,7,1373.65,381.48,63.37,162.86,0.92,-1,-1,-1
293,8,92.09,383.64,65.11,163.24,0.92,-1,-1,-1
293,10,487.66,425.90,93.57,170.96,0.70,-1,-1,-1
293,11,1126.99,423.57,98.08,171.95,0.72,-1,-1,-1
293,12,1767.14,418.77,97.80,176.41,0.77,-1,-1,-1
294,3,710.58,945.17,503.24,806.81,0.38,-1,-1,-1
294,6,732.32,382.35,64.32,163.29,0.92,-1,-1,-1
294,7,1372.78,380.99,62.98,163.38,0.92,-1,-1,-1
294,8,91.83,383.29,64.61,163.52,0.92,-1,-1,-1
294,10,487.89,427.90,93.12,169.90,0.73,-1,-1,-1
294,11,1127.53,426.89,96.56,169.29,0.75,-1,-1,-1
294,12,1767.22,420.35,97.00,174.94,0.78,-1,-1,-1
295,3,707.22,945.12,509.69,818.61,0.39,-1,-1,-1
295,6,732.36,382.38,63.68,163.53,0.92,-1,-1,-1
295,7,1372.72,380.35,62.75,164.44,0.92,-1,-1,-1
295,8,92.03,383.38,64.05,163.60,0.92,-1,-1,-1
295,10,487.33,428.39,93.36,169.97,0.75,-1,-1,-1
295,11,1127.45,427.13,96.58,169.27,0.76,-1,-1,-1
295,12,1766.93,419.82,97.42,175.51,0.78,-1,-1,-1
296,3,708.52,945.09,507.86,816.00,0.39,-1,-1,-1
296,6,732.51,382.40,63.18,163.60,0.92,-1,-1,-1
296,7,1372.69,380.56,62.23,164.38,0.92,-1,-1,-1
296,8,92.32,383.85,63.41,163.16,0.92,-1,-1,-1
296,10,486.86,427.64,94.45,171.81,0.75,-1,-1,-1
296,11,1128.08,428.81,96.23,168.36,0.71,-1,-1,-1
296,12,1767.68,419.59,97.80,175.76,0.76,-1,-1,-1
297,3,715.07,946.86,493.26,790.01,0.39,-1,-1,-1
297,6,732.72,382.84,62.70,163.60,0.92,-1,-1,-1
297,7,1372.80,380.86,62.24,165.22,0.92,-1,-1,-1
297,8,92.32,384.25,63.06,163.43,0.92,-1,-1,-1
297,10,487.36,428.91,94.42,171.15,0.63,-1,-1,-1
297,11,1128.50,430.31,95.75,167.12,0.64,-1,-1,-1
297,12,1768.72,419.47,98.29,175.88,0.74,-1,-1,-1
298,3,718.59,947.52,484.72,773.77,0.40,-1,-1,-1
298,6,733.02,382.57,62.98,165.36,0.92,-1,-1,-1
298,7,1372.78,380.98,62.36,166.41,0.92,-1,-1,-1
298,8,92.26,383.96,63.15,164.84,0.92,-1,-1,-1
298,10,484.95,425.77,98.27,178.54,0.78,-1,-1,-1
298,11,1126.65,428.31,98.66,172.63,0.75,-1,-1,-1
298,12,1767.52,419.64,99.77,178.26,0.78,-1,-1,-1
299,3,715.11,946.40,490.22,781.86,0.39,-1,-1,-1
299,6,733.10,383.13,63.15,166.90,0.92,-1,-1,-1
299,7,1372.77,381.46,62.85,168.17,0.93,-1,-1,-1
299,8,92.34,384.73,63.32,166.25,0.92,-1,-1,-1
299,10,485.14,428.78,97.55,177.30,0.77,-1,-1,-1
299,11,1125.67,429.80,98.57,172.85,0.75,-1,-1,-1
299,12,1766.20,420.36,100.22,179.14,0.79,-1,-1,-1
300,3,715.33,945.54,490.12,780.92,0.41,-1,-1,-1
300,6,733.62,384.44,63.11,167.46,0.92,-1,-1,-1
300,7,1373.39,381.87,63.14,169.26,0.92,-1,-1,-1
300,8,92.80,385.24,63.43,167.21,0.92,-1,-1,-1
300,10,485.22,429.28,97.71,177.67,0.77,-1,-1,-1
300,11,1124.75,429.45,99.63,175.17,0.73,-1,-1,-1
300,12,1765.16,419.94,101.49,181.73,0.79,-1,-1,-1
301,3,710.00,943.41,500.94,798.56,0.41,-1,-1,-1
301,6,734.27,385.39,63.09,167.65,0.92,-1,-1,-1
301,7,1373.65,382.69,63.18,169.64,0.92,-1,-1,-1
301,8,93.21,386.09,63.44,167.56,0.92,-1,-1,-1
301,10,485.59,430.57,96.68,175.56,0.76,-1,-1,-1
301,11,1125.27,431.30,98.31,172.90,0.73,-1,-1,-1
301,12,1765.50,421.33,100.51,179.54,0.79,-1,-1,-1
302,3,711.02,943.06,499.83,796.78,0.42,-1,-1,-1
302,6,735.12,385.96,62.76,167.70,0.92,-1,-1,-1
302,7,1374.74,384.10,62.99,169.32,0.92,-1,-1,-1
302,8,93.89,386.85,63.28,167.66,0.92,-1,-1,-1
302,10,485.45,430.81,95.94,174.28,0.78,-1,-1,-1
302,11,1125.44,433.33,97.00,170.66,0.76,-1,-1,-1
302,12,1765.67,425.46,98.27,175.08,0.79,-1,-1,-1
303,3,714.32,944.27,492.70,784.05,0.41,-1,-1,-1
303,6,736.66,386.83,62.87,168.58,0.92,-1,-1,-1
303,7,1375.93,385.08,63.15,170.05,0.92,-1,-1,-1
303,8,95.97,387.80,63.45,169.01,0.91,-1,-1,-1
303,10,485.41,431.78,95.22,172.90,0.78,-1,-1,-1
303,11,1124.13,432.94,97.48,172.07,0.78,-1,-1,-1
303,12,1765.11,426.30,98.69,175.68,0.80,-1,-1,-1
304,3,712.53,944.74,496.99,790.92,0.40,-1,-1,-1
304,6,737.60,386.70,63.05,169.34,0.92,-1,-1,-1
304,7,1376.45,384.99,63.47,170.75,0.92,-1,-1,-1
304,8,97.56,388.15,63.46,169.50,0.91,-1,-1,-1
304,10,485.41,435.03,93.14,168.79,0.79,-1,-1,-1
304,11,1124.02,432.55,97.81,173.04,0.76,-1,-1,-1
304,12,1765.33,427.03,98.01,174.11,0.80,-1,-1,-1
305,3,713.53,945.80,495.24,787.27,0.40,-1,-1,-1
305,6,737.98,386.86,63.05,169.60,0.92,-1,-1,-1
305,7,1378.40,384.94,63.62,170.99,0.91,-1,-1,-1
305,8,98.72,388.48,63.43,169.67,0.91,-1,-1,-1
305,10,485.54,437.13,91.67,165.44,0.79,-1,-1,-1
305,11,1123.66,433.93,96.83,171.61,0.79,-1,-1,-1
305,12,1766.35,429.97,95.90,169.48,0.80,-1,-1,-1
306,3,714.44,946.21,493.52,784.12,0.41,-1,-1,-1
306,6,738.58,386.69,63.01,170.13,0.92,-1,-1,-1
306,7,1379.18,384.47,63.59,171.50,0.91,-1,-1,-1
306,8,99.83,388.82,63.26,169.70,0.91,-1,-1,-1
306,10,484.83,437.65,90.86,163.77,0.80,-1,-1,-1
306,11,1122.26,433.54,98.10,174.65,0.79,-1,-1,-1
306,12,1765.03,430.57,96.73,170.49,0.79,-1,-1,-1
307,3,714.63,946.35,493.17,782.98,0.40,-1,-1,-1
307,6,739.67,386.17,63.01,171.19,0.92,-1,-1,-1
307,7,1379.19,384.06,63.65,172.12,0.91,-1,-1,-1
307,8,100.39,388.49,63.44,170.14,0.91,-1,-1,-1
307,10,482.49,433.74,93.39,169.05,0.81,-1,-1,-1
307,11,1120.85,430.93,99.50,178.44,0.78,-1,-1,-1
307,12,1762.92,428.28,98.50,174.03,0.80,-1,-1,-1
308,3,708.70,944.17,502.34,798.24,0.40,-1,-1,-1
308,6,740.48,385.52,63.07,172.02,0.92,-1,-1,-1
308,7,1380.04,383.45,63.72,172.77,0.91,-1,-1,-1
308,8,100.72,387.68,63.89,171.18,0.92,-1,-1,-1
308,10,481.89,434.50,93.81,170.12,0.79,-1,-1,-1
308,11,1121.27,433.46,98.14,176.78,0.79,-1,-1,-1
308,12,1763.30,428.29,98.62,174.04,0.78,-1,-1,-1
309,3,708.01,942.02,503.63,800.87,0.40,-1,-1,-1
309,6,741.08,384.16,63.37,173.64,0.92,-1,-1,-1
309,7,1380.20,382.77,63.60,173.44,0.90,-1,-1,-1
309,8,100.31,386.92,64.09,171.99,0.92,-1,-1,-1
309,10,480.05,432.33,94.13,171.87,0.79,-1,-1,-1
309,11,1119.90,430.86,98.95,179.67,0.79,-1,-1,-1
309,12,1760.34,423.35,101.34,179.86,0.79,-1,-1,-1
310,3,704.03,941.20,512.43,816.96,0.40,-1,-1,-1
310,6,741.30,383.64,63.45,174.23,0.91,-1,-1,-1
310,7,1380.45,382.07,64.01,174.56,0.89,-1,-1,-1
310,8,100.66,386.19,64.55,172.73,0.90,-1,-1,-1
310,10,478.45,429.05,95.19,175.65,0.79,-1,-1,-1
310,11,1118.71,427.88,99.74,182.94,0.79,-1,-1,-1
310,12,1760.38,423.47,101.85,181.15,0.78,-1,-1,-1
311,3,704.65,940.46,512.41,818.13,0.41,-1,-1,-1
311,6,742.17,383.22,63.65,174.43,0.90,-1,-1,-1
311,7,1380.09,382.02,64.15,174.52,0.88,-1,-1,-1
311,8,102.09,385.90,65.42,172.98,0.89,-1,-1,-1
311,10,478.09,425.16,96.92,180.16,0.81,-1,-1,-1
311,11,1117.08,423.22,101.54,188.58,0.81,-1,-1,-1
311,12,1758.86,421.09,103.38,185.18,0.81,-1,-1,-1
312,3,708.42,943.30,506.22,808.27,0.41,-1,-1,-1
312,6,743.21,383.29,64.04,174.48,0.90,-1,-1,-1
312,7,1379.14,382.46,64.47,174.48,0.89,-1,-1,-1
312,8,102.77,385.80,66.44,173.06,0.90,-1,-1,-1
312,10,479.97,429.17,93.14,173.07,0.82,-1,-1,-1
312,11,1118.96,426.92,98.14,182.81,0.80,-1,-1,-1
312,12,1759.96,427.23,98.87,177.43,0.81,-1,-1,-1
313,3,708.49,943.51,505.70,808.00,0.42,-1,-1,-1
313,6,743.66,383.32,64.92,175.36,0.90,-1,-1,-1
313,7,1379.50,382.84,64.89,174.89,0.88,-1,-1,-1
313,8,103.32,386.20,67.46,173.51,0.90,-1,-1,-1
313,10,482.15,437.98,87.05,160.79,0.80,-1,-1,-1
313,11,1121.13,434.01,93.11,172.85,0.79,-1,-1,-1
313,12,1760.99,431.90,95.95,171.65,0.79,-1,-1,-1
314,3,710.33,942.69,503.66,804.29,0.42,-1,-1,-1
314,6,743.41,383.78,66.05,176.11,0.90,-1,-1,-1
314,7,1378.96,382.99,65.94,176.35,0.88,-1,-1,-1
314,8,103.08,386.36,69.20,174.99,0.91,-1,-1,-1
314,10,482.81,439.68,86.05,158.01,0.80,-1,-1,-1
314,11,1121.83,437.15,89.67,165.42,0.79,-1,-1,-1
314,12,1760.41,433.38,95.02,169.51,0.79,-1,-1,-1
315,3,713.19,944.18,496.76,792.14,0.42,-1,-1,-1
315,6,743.42,384.40,67.98,177.26,0.92,-1,-1,-1
315,7,1379.94,383.71,67.50,177.33,0.90,-1,-1,-1
315,8,103.12,386.42,71.16,177.31,0.92,-1,-1,-1
315,10,482.10,440.72,85.80,157.07,0.80,-1,-1,-1
315,11,1121.81,438.50,87.19,159.99,0.81,-1,-1,-1
315,12,1760.46,435.02,94.19,167.40,0.79,-1,-1,-1
316,3,708.71,942.05,503.48,802.80,0.41,-1,-1,-1
316,6,744.41,384.86,69.37,177.68,0.92,-1,-1,-1
316,7,1381.69,384.21,69.31,178.13,0.91,-1,-1,-1
316,8,102.70,386.66,72.59,178.17,0.92,-1,-1,-1
316,10,482.27,443.78,83.97,152.70,0.80,-1,-1,-1
316,11,1121.58,438.04,86.77,158.52,0.81,-1,-1,-1
316,12,1760.17,437.40,92.74,164.38,0.79,-1,-1,-1
317,3,711.24,943.04,500.24,796.99,0.41,-1,-1,-1
317,6,743.49,385.48,70.67,177.81,0.93,-1,-1,-1
317,7,1382.75,384.84,70.93,178.85,0.92,-1,-1,-1
317,8,101.62,387.19,73.82,178.91,0.92,-1,-1,-1
317,10,483.06,446.47,81.90,147.49,0.81,-1,-1,-1
317,11,1120.35,438.30,87.15,158.96,0.82,-1,-1,-1
317,12,1760.01,437.79,92.35,163.31,0.78,-1,-1,-1
318,3,709.19,942.53,505.94,807.28,0.41,-1,-1,-1
318,6,743.07,386.15,72.12,179.16,0.93,-1,-1,-1
318,7,1382.78,385.51,72.25,179.10,0.93,-1,-1,-1
318,8,100.56,387.40,75.27,180.49,0.92,-1,-1,-1
318,10,483.11,448.09,81.65,145.66,0.81,-1,-1,-1
318,11,1119.86,439.72,87.40,159.18,0.82,-1,-1,-1
318,12,1759.24,438.11,91.88,162.50,0.78,-1,-1,-1
319,3,707.73,941.01,509.46,814.25,0.42,-1,-1,-1
319,6,743.37,386.18,73.48,180.99,0.93,-1,-1,-1
319,7,1383.49,385.98,73.51,180.50,0.93,-1,-1,-1
319,8,101.40,388.13,75.94,181.06,0.93,-1,-1,-1
319,10,482.29,445.89,84.18,149.17,0.80,-1,-1,-1
319,11,1119.54,440.00,87.81,159.76,0.82,-1,-1,-1
319,12,1758.74,436.61,92.16,163.15,0.79,-1,-1,-1
320,3,708.55,940.88,508.92,813.75,0.41,-1,-1,-1
320,6,743.23,386.19,74.47,182.10,0.93,-1,-1,-1
320,7,1383.27,385.71,74.47,181.89,0.93,-1,-1,-1
320,8,102.02,388.19,76.66,182.13,0.93,-1,-1,-1
320,10,481.39,442.36,86.78,152.74,0.81,-1,-1,-1
320,11,1118.97,438.95,88.92,161.37,0.81,-1,-1,-1
320,12,1758.15,436.47,91.33,162.08,0.78,-1,-1,-1
321,3,703.05,941.73,521.23,836.65,0.40,-1,-1,-1
321,6,742.71,386.18,74.83,182.04,0.93,-1,-1,-1
321,7,1383.09,386.04,74.52,181.51,0.93,-1,-1,-1
321,8,101.87,388.42,76.67,181.62,0.93,-1,-1,-1
321,10,480.40,439.67,89.09,155.91,0.81,-1,-1,-1
321,11,1119.02,439.65,88.84,160.67,0.80,-1,-1,-1
321,12,1758.12,435.04,92.48,164.42,0.80,-1,-1,-1
322,3,703.95,940.29,518.14,832.86,0.41,-1,-1,-1
322,6,742.32,386.18,75.32,182.44,0.93,-1,-1,-1
322,7,1381.90,385.71,74.95,182.22,0.93,-1,-1,-1
322,8,101.42,388.29,76.97,181.84,0.93,-1,-1,-1
322,10,479.52,438.86,90.54,157.59,0.81,-1,-1,-1
322,11,1119.08,440.35,88.78,159.98,0.81,-1,-1,-1
322,12,1757.92,436.50,91.54,162.63,0.80,-1,-1,-1
323,3,707.20,939.74,509.34,818.79,0.41,-1,-1,-1
323,6,741.39,385.28,76.13,183.89,0.93,-1,-1,-1
323,7,1381.24,384.69,75.49,183.36,0.93,-1,-1,-1
323,8,100.39,387.78,77.32,182.34,0.93,-1,-1,-1
323,10,478.85,439.44,90.45,156.90,0.80,-1,-1,-1
323,11,1118.62,441.71,87.96,157.96,0.81,-1,-1,-1
323,12,1757.18,437.26,90.76,161.53,0.79,-1,-1,-1
324,3,706.96,939.10,508.04,817.35,0.42,-1,-1,-1
324,6,741.04,384.94,76.41,184.41,0.93,-1,-1,-1
324,7,1381.13,383.86,75.82,184.21,0.93,-1,-1,-1
324,8,100.25,387.14,77.47,182.95,0.92,-1,-1,-1
324,10,478.11,438.32,90.95,157.54,0.81,-1,-1,-1
324,11,1118.53,443.10,87.52,156.33,0.81,-1,-1,-1
324,12,1757.50,439.10,89.31,158.90,0.79,-1,-1,-1
325,3,702.51,936.64,514.50,828.82,0.40,-1,-1,-1
325,6,741.39,384.81,76.41,184.58,0.93,-1,-1,-1
325,7,1381.89,383.32,76.07,184.95,0.93,-1,-1,-1
325,8,100.60,387.34,77.09,182.71,0.92,-1,-1,-1
325,10,478.29,440.79,90.24,155.56,0.81,-1,-1,-1
325,11,1118.16,441.56,88.96,158.00,0.82,-1,-1,-1
325,12,1757.50,439.99,89.07,157.95,0.80,-1,-1,-1
326,3,700.86,934.84,515.99,831.32,0.41,-1,-1,-1
326,6,741.59,384.31,76.26,185.06,0.93,-1,-1,-1
326,7,1381.35,382.89,76.03,185.64,0.93,-1,-1,-1
326,8,100.25,386.53,76.95,183.93,0.93,-1,-1,-1
326,10,475.85,437.48,92.78,160.63,0.81,-1,-1,-1
326,11,1116.81,437.18,91.94,163.12,0.83,-1,-1,-1
326,12,1753.59,434.45,91.44,163.93,0.80,-1,-1,-1
327,3,702.23,937.73,517.03,833.97,0.41,-1,-1,-1
327,6,741.67,384.13,76.16,185.66,0.93,-1,-1,-1
327,7,1381.35,382.73,75.57,185.88,0.93,-1,-1,-1
327,8,100.29,386.22,76.43,184.37,0.93,-1,-1,-1
327,10,474.90,438.90,92.50,160.75,0.83,-1,-1,-1
327,11,1115.85,435.74,93.11,165.05,0.83,-1,-1,-1
327,12,1753.80,435.93,90.80,163.06,0.82,-1,-1,-1
328,3,699.36,937.08,520.66,840.24,0.40,-1,-1,-1
328,6,742.36,384.50,75.68,185.87,0.93,-1,-1,-1
328,7,1381.46,382.90,75.15,186.83,0.92,-1,-1,-1
328,8,100.72,386.33,75.93,184.96,0.92,-1,-1,-1
328,10,475.10,437.46,93.96,163.44,0.81,-1,-1,-1
328,11,1114.46,427.45,99.16,175.97,0.83,-1,-1,-1
328,12,1754.55,431.15,94.65,169.87,0.81,-1,-1,-1
329,3,698.98,938.17,525.08,850.07,0.43,-1,-1,-1
329,6,743.05,384.87,75.50,186.81,0.93,-1,-1,-1
329,7,1382.40,383.64,74.96,187.61,0.92,-1,-1,-1
329,8,101.89,387.26,75.60,185.60,0.92,-1,-1,-1
329,10,475.11,437.36,94.22,163.57,0.83,-1,-1,-1
329,11,1113.93,429.98,97.99,173.56,0.82,-1,-1,-1
329,12,1755.87,431.78,94.03,168.02,0.82,-1,-1,-1
330,3,700.10,939.04,525.11,852.38,0.43,-1,-1,-1
330,6,743.31,385.90,75.43,188.03,0.93,-1,-1,-1
330,7,1382.58,384.36,75.22,189.66,0.92,-1,-1,-1
330,8,102.31,387.40,75.75,187.60,0.92,-1,-1,-1
330,10,475.63,440.43,92.88,160.49,0.82,-1,-1,-1
330,11,1113.59,430.83,97.78,172.96,0.83,-1,-1,-1
330,12,1756.24,438.06,90.54,160.59,0.81,-1,-1,-1
331,3,696.38,937.61,532.52,868.22,0.42,-1,-1,-1
331,6,743.82,386.07,75.43,189.80,0.92,-1,-1,-1
331,7,1382.64,384.86,75.32,191.29,0.92,-1,-1,-1
331,8,102.86,387.67,75.71,189.22,0.93,-1,-1,-1
331,10,475.31,441.83,92.06,158.40,0.82,-1,-1,-1
331,11,1113.39,433.62,96.98,171.37,0.82,-1,-1,-1
331,12,1756.00,442.05,88.18,155.47,0.80,-1,-1,-1
332,3,696.71,937.07,530.96,868.80,0.42,-1,-1,-1
332,6,744.20,387.02,75.04,190.45,0.92,-1,-1,-1
332,7,1382.73,385.27,75.20,192.32,0.92,-1,-1,-1
332,8,103.76,388.65,75.08,189.37,0.93,-1,-1,-1
332,10,475.51,443.92,91.14,155.82,0.83,-1,-1,-1
332,11,1114.47,438.70,93.50,164.06,0.82,-1,-1,-1
332,12,1755.67,445.09,86.02,150.90,0.82,-1,-1,-1
333,3,698.62,936.87,526.80,864.41,0.42,-1,-1,-1
333,6,745.31,387.59,74.71,191.55,0.92,-1,-1,-1
333,7,1384.73,385.42,74.75,193.13,0.93,-1,-1,-1
333,8,105.31,389.47,74.24,189.39,0.93,-1,-1,-1
333,10,475.45,446.49,90.65,153.96,0.84,-1,-1,-1
333,11,1114.63,439.07,92.69,161.70,0.82,-1,-1,-1
333,12,1755.65,444.12,86.87,151.09,0.82,-1,-1,-1
334,3,698.36,937.69,526.28,867.03,0.42,-1,-1,-1
334,6,746.45,388.47,74.02,191.49,0.93,-1,-1,-1
334,7,1385.83,386.80,73.87,192.51,0.93,-1,-1,-1
334,8,106.68,391.11,73.11,188.48,0.93,-1,-1,-1
334,10,474.98,445.62,91.37,154.18,0.83,-1,-1,-1
334,11,1115.81,443.02,90.18,155.44,0.82,-1,-1,-1
334,12,1755.89,445.54,86.73,149.40,0.82,-1,-1,-1
335,3,698.58,938.46,523.67,864.79,0.41,-1,-1,-1
335,6,747.26,388.13,73.85,193.22,0.93,-1,-1,-1
335,7,1387.15,387.32,73.48,193.13,0.94,-1,-1,-1
335,8,107.59,391.27,72.75,189.45,0.94,-1,-1,-1
335,10,474.71,445.50,91.86,153.84,0.84,-1,-1,-1
335,11,1115.70,441.75,91.28,155.85,0.83,-1,-1,-1
335,12,1754.85,443.32,88.97,151.98,0.82,-1,-1,-1
336,3,702.99,941.87,515.80,852.69,0.42,-1,-1,-1
336,6,748.16,388.65,73.47,193.84,0.94,-1,-1,-1
336,7,1388.62,387.73,73.14,193.78,0.94,-1,-1,-1
336,8,108.42,390.88,72.96,191.57,0.94,-1,-1,-1
336,10,474.82,446.78,91.65,151.94,0.83,-1,-1,-1
336,11,1115.93,445.54,89.34,150.63,0.83,-1,-1,-1
336,12,1755.36,444.94,89.81,151.63,0.80,-1,-1,-1
337,3,704.92,941.37,511.41,846.21,0.41,-1,-1,-1
337,6,748.96,388.62,73.25,194.49,0.94,-1,-1,-1
337,7,1389.12,387.65,73.08,194.44,0.94,-1,-1,-1
337,8,109.05,389.61,73.29,193.68,0.94,-1,-1,-1
337,10,474.42,447.01,92.45,152.14,0.83,-1,-1,-1
337,11,1116.08,447.63,88.51,147.35,0.83,-1,-1,-1
337,12,1755.40,445.98,90.47,151.08,0.80,-1,-1,-1
338,3,703.78,940.28,514.40,852.70,0.40,-1,-1,-1
338,6,750.07,388.38,73.31,194.71,0.94,-1,-1,-1
338,7,1390.13,387.61,73.15,194.67,0.93,-1,-1,-1
338,8,110.45,390.00,73.12,193.57,0.94,-1,-1,-1
338,10,473.17,444.39,94.53,154.92,0.84,-1,-1,-1
338,11,1115.32,447.90,88.93,146.67,0.83,-1,-1,-1
338,12,1754.69,444.54,92.17,152.70,0.80,-1,-1,-1
339,3,701.02,938.08,518.41,860.46,0.41,-1,-1,-1
339,6,750.93,388.50,73.30,194.76,0.94,-1,-1,-1
339,7,1391.39,387.59,73.16,194.72,0.94,-1,-1,-1
339,8,111.39,390.37,73.07,193.50,0.94,-1,-1,-1
339,10,472.96,445.85,94.36,153.76,0.84,-1,-1,-1
339,11,1114.66,448.41,88.98,145.57,0.83,-1,-1,-1
339,12,1753.22,444.43,93.44,153.78,0.81,-1,-1,-1
340,3,698.92,937.25,522.04,868.69,0.42,-1,-1,-1
340,6,752.01,388.31,73.53,194.75,0.94,-1,-1,-1
340,7,1392.54,387.34,73.54,195.16,0.94,-1,-1,-1
340,8,112.13,389.84,73.37,193.88,0.94,-1,-1,-1
340,10,472.11,443.48,96.30,156.45,0.83,-1,-1,-1
340,11,1114.61,448.11,89.53,145.23,0.83,-1,-1,-1
340,12,1752.38,443.49,94.50,154.65,0.79,-1,-1,-1
341,3,700.10,936.94,521.24,869.97,0.42,-1,-1,-1
341,6,752.95,387.79,74.27,195.61,0.94,-1,-1,-1
341,7,1393.45,386.13,74.48,196.64,0.94,-1,-1,-1
341,8,113.14,388.74,74.29,195.34,0.94,-1,-1,-1
341,10,472.66,446.14,95.31,153.91,0.83,-1,-1,-1
341,11,1113.60,448.87,89.95,144.71,0.84,-1,-1,-1
341,12,1751.28,443.56,94.70,154.54,0.79,-1,-1,-1
342,3,697.17,934.16,528.59,885.48,0.43,-1,-1,-1
342,6,753.79,387.15,75.31,196.81,0.94,-1,-1,-1
342,7,1393.53,385.67,75.29,197.18,0.94,-1,-1,-1
342,8,114.11,388.10,75.25,196.31,0.93,-1,-1,-1
342,10,471.15,444.92,95.68,154.28,0.83,-1,-1,-1
342,11,1112.18,447.32,92.20,147.72,0.83,-1,-1,-1
342,12,1748.62,440.23,97.49,159.41,0.79,-1,-1,-1
343,3,695.73,934.01,531.17,893.02,0.43,-1,-1,-1
343,6,754.62,386.23,76.41,197.68,0.94,-1,-1,-1
343,7,1394.07,385.27,76.31,197.80,0.94,-1,-1,-1
343,8,115.18,387.64,76.09,196.65,0.93,-1,-1,-1
343,10,469.43,440.44,98.16,158.44,0.83,-1,-1,-1
343,11,1111.91,447.17,92.55,147.53,0.84,-1,-1,-1
343,12,1748.39,439.21,97.02,159.03,0.80,-1,-1,-1
344,3,695.22,933.08,533.83,900.19,0.43,-1,-1,-1
344,6,754.51,385.89,77.62,198.43,0.94,-1,-1,-1
344,7,1395.74,384.90,77.24,198.46,0.94,-1,-1,-1
344,8,116.10,387.47,77.10,197.19,0.93,-1,-1,-1
344,10,470.68,444.72,95.30,152.93,0.83,-1,-1,-1
344,11,1112.40,449.33,91.51,144.81,0.84,-1,-1,-1
344,12,1748.83,440.59,95.80,156.65,0.81,-1,-1,-1
345,3,697.35,936.29,530.19,895.69,0.43,-1,-1,-1
345,6,754.68,385.54,79.36,199.57,0.94,-1,-1,-1
345,7,1398.38,384.76,78.86,199.12,0.93,-1,-1,-1
345,8,117.37,387.18,78.73,198.26,0.93,-1,-1,-1
345,10,471.38,446.18,94.71,150.77,0.84,-1,-1,-1
345,11,1112.50,449.68,92.23,144.72,0.84,-1,-1,-1
345,12,1749.14,440.24,96.88,157.96,0.80,-1,-1,-1
346,3,698.67,937.53,526.89,892.01,0.42,-1,-1,-1
346,6,754.78,385.85,81.67,201.31,0.94,-1,-1,-1
346,7,1397.73,384.72,80.93,201.57,0.93,-1,-1,-1
346,8,117.31,387.08,80.97,200.86,0.92,-1,-1,-1
346,10,468.76,443.79,99.81,158.99,0.81,-1,-1,-1
346,11,1111.39,448.89,93.91,146.51,0.82,-1,-1,-1
346,12,1748.67,439.89,96.71,157.56,0.81,-1,-1,-1
347,3,701.72,938.90,519.65,880.70,0.42,-1,-1,-1
347,6,754.81,386.42,84.27,204.16,0.94,-1,-1,-1
347,7,1397.81,385.59,82.75,203.80,0.93,-1,-1,-1
347,8,117.23,387.27,83.20,204.03,0.92,-1,-1,-1
347,10,468.10,444.01,100.22,159.36,0.82,-1,-1,-1
347,11,1110.84,447.24,95.70,148.54,0.83,-1,-1,-1
347,12,1749.30,440.87,95.04,154.29,0.83,-1,-1,-1
348,3,703.68,938.97,515.29,874.07,0.41,-1,-1,-1
348,6,754.85,387.08,86.02,205.21,0.93,-1,-1,-1
348,7,1398.29,385.92,84.22,205.51,0.93,-1,-1,-1
348,8,118.12,387.79,84.76,206.08,0.92,-1,-1,-1
348,10,467.29,443.22,100.16,159.04,0.83,-1,-1,-1
348,11,1108.00,443.27,98.11,152.43,0.83,-1,-1,-1
348,12,1747.73,438.55,96.24,156.19,0.84,-1,-1,-1
348,15,1786.42,422.89,34.90,92.61,0.60,-1,-1,-1
348,16,1147.25,424.17,33.16,91.80,0.68,-1,-1,-1
349,3,703.03,940.33,517.30,878.25,0.42,-1,-1,-1
349,6,755.57,388.00,86.99,205.57,0.93,-1,-1,-1
349,7,1398.31,386.49,85.02,205.68,0.92,-1,-1,-1
349,8,119.32,388.43,85.34,205.94,0.92,-1,-1,-1
349,10,466.40,439.58,101.77,161.57,0.83,-1,-1,-1
349,11,1106.88,443.31,98.25,152.58,0.84,-1,-1,-1
349,12,1748.79,442.59,93.43,150.67,0.84,-1,-1,-1
349,15,1793.31,422.89,35.30,93.55,0.53,-1,-1,-1
349,16,1153.91,424.49,33.41,92.33,0.41,-1,-1,-1
350,3,702.01,937.27,521.40,886.94,0.43,-1,-1,-1
350,6,757.49,388.57,87.53,206.11,0.94,-1,-1,-1
350,7,1399.03,387.15,85.60,206.14,0.93,-1,-1,-1
350,8,119.92,389.13,85.90,206.28,0.93,-1,-1,-1
350,10,466.32,442.41,99.68,158.08,0.82,-1,-1,-1
350,11,1104.09,445.11,95.94,149.97,0.85,-1,-1,-1
350,12,1747.02,443.70,93.11,149.91,0.86,-1,-1,-1
350,16,1160.62,424.33,34.89,96.20,0.11,-1,-1,-1
351,3,702.71,937.88,519.89,885.74,0.42,-1,-1,-1
351,6,758.01,389.00,88.09,207.17,0.94,-1,-1,-1
351,7,1399.01,387.40,86.32,207.17,0.93,-1,-1,-1
351,8,119.99,389.39,86.62,207.26,0.93,-1,-1,-1
351,10,466.67,445.54,98.13,154.92,0.84,-1,-1,-1
351,11,1104.60,441.11,98.21,153.44,0.83,-1,-1,-1
351,12,1747.23,444.33,93.11,149.20,0.85,-1,-1,-1
352,3,703.22,939.46,517.93,883.88,0.41,-1,-1,-1
352,6,758.27,388.50,88.98,209.31,0.94,-1,-1,-1
352,7,1399.63,387.93,87.05,208.42,0.94,-1,-1,-1
352,8,120.26,389.48,87.32,208.48,0.94,-1,-1,-1
352,10,466.46,446.94,95.57,150.14,0.85,-1,-1,-1
352,11,1103.92,444.27,96.40,150.75,0.86,-1,-1,-1
352,12,1746.30,445.00,93.37,148.52,0.85,-1,-1,-1
353,3,704.36,937.82,516.16,881.79,0.39,-1,-1,-1
353,6,758.26,388.30,89.46,210.53,0.94,-1,-1,-1
353,7,1398.81,388.13,87.58,209.30,0.94,-1,-1,-1
353,8,119.74,389.51,87.77,209.35,0.94,-1,-1,-1
353,10,466.11,447.23,95.19,148.36,0.84,-1,-1,-1
353,11,1104.37,445.29,97.02,151.04,0.85,-1,-1,-1
353,12,1745.65,445.24,94.10,148.28,0.85,-1,-1,-1
354,3,705.73,938.54,513.62,877.84,0.39,-1,-1,-1
354,6,758.30,388.22,89.48,210.95,0.94,-1,-1,-1
354,7,1398.48,387.75,87.75,210.04,0.94,-1,-1,-1
354,8,119.28,389.30,88.06,210.08,0.94,-1,-1,-1
354,10,463.83,449.80,93.95,145.93,0.83,-1,-1,-1
354,11,1103.41,447.67,96.86,150.26,0.81,-1,-1,-1
354,12,1745.02,447.78,93.40,145.53,0.83,-1,-1,-1
355,3,706.45,939.26,511.35,873.20,0.39,-1,-1,-1
355,6,758.24,387.30,89.57,211.96,0.95,-1,-1,-1
355,7,1398.42,387.16,87.63,210.73,0.94,-1,-1,-1
355,8,119.08,388.55,88.02,210.77,0.94,-1,-1,-1
355,10,462.94,450.97,93.19,144.15,0.84,-1,-1,-1
355,11,1101.88,447.90,95.62,148.18,0.82,-1,-1,-1
355,12,1742.47,448.04,94.18,145.88,0.82,-1,-1,-1
356,3,708.66,941.31,503.94,858.92,0.40,-1,-1,-1
356,6,757.82,386.50,89.45,212.75,0.95,-1,-1,-1
356,7,1398.32,386.04,87.67,211.84,0.94,-1,-1,-1
356,8,118.81,387.60,88.03,211.88,0.94,-1,-1,-1
356,10,462.49,451.60,92.76,142.63,0.84,-1,-1,-1
356,11,1101.80,448.65,95.09,146.50,0.84,-1,-1,-1
356,12,1741.91,448.34,95.54,146.93,0.83,-1,-1,-1
357,3,708.61,942.53,503.81,857.61,0.40,-1,-1,-1
357,6,756.83,385.31,89.24,214.34,0.94,-1,-1,-1
357,7,1397.26,384.28,87.92,213.56,0.94,-1,-1,-1
357,8,118.29,386.35,87.93,213.15,0.94,-1,-1,-1
357,10,460.94,451.58,93.61,143.47,0.84,-1,-1,-1
357,11,1101.88,449.81,93.82,143.64,0.86,-1,-1,-1
357,12,1739.63,448.65,96.67,148.24,0.82,-1,-1,-1
358,3,704.47,940.73,494.09,837.93,0.41,-1,-1,-1
358,6,756.66,384.20,88.71,215.35,0.94,-1,-1,-1
358,7,1397.75,382.73,87.97,215.51,0.94,-1,-1,-1
358,8,118.44,385.22,87.60,214.04,0.94,-1,-1,-1
358,10,460.46,451.33,96.51,147.41,0.85,-1,-1,-1
358,11,1100.77,450.46,94.80,144.39,0.86,-1,-1,-1
358,12,1740.12,449.20,98.01,149.20,0.85,-1,-1,-1
359,3,707.05,941.39,498.42,843.70,0.40,-1,-1,-1
359,6,757.26,383.57,88.01,216.14,0.94,-1,-1,-1
359,7,1397.37,382.37,87.32,216.22,0.94,-1,-1,-1
359,8,118.57,384.57,87.06,214.78,0.94,-1,-1,-1
359,10,459.44,450.77,97.09,148.01,0.85,-1,-1,-1
359,11,1100.24,450.46,95.43,144.69,0.87,-1,-1,-1
359,12,1739.50,449.38,98.40,149.13,0.85,-1,-1,-1
360,3,707.19,942.52,502.59,850.41,0.43,-1,-1,-1
360,6,757.30,383.11,87.23,216.85,0.94,-1,-1,-1
360,7,1397.52,382.25,86.46,216.89,0.94,-1,-1,-1
360,8,118.17,384.12,86.47,215.92,0.93,-1,-1,-1
360,10,458.08,447.86,99.75,151.82,0.84,-1,-1,-1
360,11,1098.03,447.76,97.94,148.41,0.86,-1,-1,-1
360,12,1737.13,446.53,99.28,150.45,0.85,-1,-1,-1
361,3,708.52,942.94,502.51,849.46,0.43,-1,-1,-1
361,6,758.10,383.18,86.22,217.07,0.94,-1,-1,-1
361,7,1397.80,382.22,85.67,217.54,0.94,-1,-1,-1
361,8,118.57,384.40,85.60,216.31,0.93,-1,-1,-1
361,10,455.56,446.10,99.51,151.93,0.84,-1,-1,-1
361,11,1094.43,444.08,100.04,152.46,0.86,-1,-1,-1
361,12,1733.09,443.23,100.63,153.61,0.86,-1,-1,-1
362,3,711.62,943.53,495.52,835.30,0.42,-1,-1,-1
362,6,758.31,382.99,86.00,219.34,0.94,-1,-1,-1
362,7,1397.88,382.00,85.40,219.53,0.94,-1,-1,-1
362,8,118.81,384.31,85.53,219.09,0.94,-1,-1,-1
362,10,454.44,445.20,99.76,152.41,0.85,-1,-1,-1
362,11,1093.36,444.22,99.41,151.80,0.88,-1,-1,-1
362,12,1731.91,443.08,100.48,154.36,0.86,-1,-1,-1
363,3,712.74,943.73,493.89,830.03,0.44,-1,-1,-1
363,6,758.38,383.16,85.92,222.38,0.94,-1,-1,-1
363,7,1398.63,381.93,85.61,222.90,0.94,-1,-1,-1
363,8,119.10,384.94,85.20,221.43,0.94,-1,-1,-1
363,10,451.28,444.64,99.17,152.58,0.89,-1,-1,-1
363,11,1092.40,444.29,99.44,151.97,0.89,-1,-1,-1
363,12,1731.04,443.03,99.57,154.19,0.89,-1,-1,-1
364,3,713.65,944.70,490.49,821.00,0.43,-1,-1,-1
364,6,760.01,383.89,85.32,223.06,0.93,-1,-1,-1
364,7,1400.24,382.79,84.80,223.27,0.94,-1,-1,-1
364,8,120.02,385.41,84.60,222.73,0.93,-1,-1,-1
364,10,452.40,444.44,100.16,153.53,0.88,-1,-1,-1
364,11,1091.91,443.66,100.65,153.35,0.89,-1,-1,-1
364,12,1732.59,443.69,99.09,152.78,0.87,-1,-1,-1
365,3,705.52,941.44,502.57,841.16,0.45,-1,-1,-1
365,6,761.31,384.62,84.61,223.27,0.93,-1,-1,-1
365,7,1401.03,383.58,84.12,223.80,0.93,-1,-1,-1
365,8,121.27,386.93,83.51,222.29,0.93,-1,-1,-1
365,10,451.92,445.93,98.43,150.33,0.86,-1,-1,-1
365,11,1091.55,444.10,100.65,152.53,0.87,-1,-1,-1
365,12,1731.70,445.96,98.37,151.34,0.86,-1,-1,-1
366,3,700.18,939.34,509.04,852.24,0.45,-1,-1,-1
366,6,761.79,384.91,84.34,224.64,0.93,-1,-1,-1
366,7,1401.49,383.88,83.52,224.39,0.94,-1,-1,-1
366,8,121.98,386.85,83.20,223.85,0.93,-1,-1,-1
366,10,450.94,447.63,97.18,147.74,0.86,-1,-1,-1
366,11,1090.77,446.51,97.53,146.86,0.87,-1,-1,-1
366,12,1729.42,446.59,96.70,149.00,0.86,-1,-1,-1
367,3,699.54,939.43,495.43,826.32,0.46,-1,-1,-1
367,6,761.58,385.68,84.10,226.00,0.93,-1,-1,-1
367,7,1401.61,384.89,83.38,225.47,0.94,-1,-1,-1
367,8,122.17,387.48,83.07,225.29,0.94,-1,-1,-1
367,10,449.50,448.27,97.15,147.23,0.86,-1,-1,-1
367,11,1090.75,448.11,95.87,143.33,0.88,-1,-1,-1
367,12,1728.50,448.17,96.26,147.68,0.84,-1,-1,-1
368,3,704.94,940.38,477.17,789.29,0.45,-1,-1,-1
368,6,761.63,385.98,83.72,226.48,0.93,-1,-1,-1
368,7,1401.79,385.27,83.03,225.83,0.93,-1,-1,-1
368,8,122.54,388.38,82.45,224.47,0.94,-1,-1,-1
368,10,451.81,449.18,96.88,144.37,0.86,-1,-1,-1
368,11,1091.18,448.47,97.17,143.40,0.89,-1,-1,-1
368,12,1730.12,448.08,95.85,145.40,0.85,-1,-1,-1
369,3,711.13,941.66,463.03,759.21,0.45,-1,-1,-1
369,6,762.32,386.75,83.11,225.73,0.94,-1,-1,-1
369,7,1402.95,386.08,82.47,224.60,0.94,-1,-1,-1
369,8,122.99,388.72,82.20,224.11,0.94,-1,-1,-1
369,10,449.78,448.83,97.70,143.76,0.86,-1,-1,-1
369,11,1089.68,448.60,98.34,143.90,0.87,-1,-1,-1
369,12,1730.61,448.03,96.01,143.21,0.86,-1,-1,-1
370,3,711.89,943.04,461.93,752.22,0.47,-1,-1,-1
370,6,762.76,385.93,83.37,226.74,0.94,-1,-1,-1
370,7,1402.94,384.38,83.14,226.32,0.94,-1,-1,-1
370,8,123.52,387.95,82.52,224.82,0.94,-1,-1,-1
370,10,449.11,448.70,99.25,144.00,0.86,-1,-1,-1
370,11,1089.03,447.96,99.88,144.55,0.88,-1,-1,-1
370,12,1730.13,447.78,97.45,143.33,0.86,-1,-1,-1
371,3,705.02,939.90,492.27,801.78,0.44,-1,-1,-1
371,6,763.07,384.29,84.06,227.98,0.94,-1,-1,-1
371,7,1403.73,382.84,83.54,227.38,0.94,-1,-1,-1
371,8,123.55,385.21,83.68,227.29,0.94,-1,-1,-1
371,10,446.25,449.31,99.28,142.77,0.87,-1,-1,-1
371,11,1085.39,447.72,101.07,145.71,0.87,-1,-1,-1
371,12,1726.14,446.78,98.47,143.84,0.88,-1,-1,-1
372,3,709.80,941.84,492.24,799.07,0.44,-1,-1,-1
372,6,763.43,382.55,84.71,228.86,0.95,-1,-1,-1
372,7,1404.52,381.15,84.48,228.64,0.94,-1,-1,-1
372,8,124.10,382.62,84.90,229.52,0.94,-1,-1,-1
372,10,444.61,449.54,99.56,141.89,0.89,-1,-1,-1
372,11,1082.87,447.62,100.28,143.93,0.88,-1,-1,-1
372,12,1724.11,446.62,98.19,142.72,0.90,-1,-1,-1
373,3,715.74,945.74,485.88,786.04,0.44,-1,-1,-1
373,6,764.09,381.01,85.65,230.04,0.94,-1,-1,-1
373,7,1404.68,380.29,85.08,229.08,0.94,-1,-1,-1
373,8,124.60,381.20,85.88,230.33,0.94,-1,-1,-1
373,10,442.07,448.71,99.57,141.13,0.90,-1,-1,-1
373,11,1080.27,447.13,101.56,145.50,0.88,-1,-1,-1
373,12,1721.45,447.01,98.35,142.32,0.90,-1,-1,-1
374,3,711.07,947.21,497.28,804.58,0.44,-1,-1,-1
374,6,764.89,379.33,86.65,230.90,0.94,-1,-1,-1
374,7,1406.26,379.54,85.78,229.22,0.94,-1,-1,-1
374,8,125.63,379.79,86.92,231.49,0.94,-1,-1,-1
374,10,440.09,448.40,100.35,141.77,0.90,-1,-1,-1
374,11,1079.64,446.28,100.55,143.43,0.89,-1,-1,-1
374,12,1720.24,445.58,98.93,142.64,0.90,-1,-1,-1
375,3,711.92,948.63,495.40,799.94,0.42,-1,-1,-1
375,6,765.70,378.70,87.76,230.75,0.94,-1,-1,-1
375,7,1406.35,378.60,87.03,229.68,0.94,-1,-1,-1
375,8,125.58,379.06,88.21,232.33,0.94,-1,-1,-1
375,10,438.11,447.39,100.97,142.48,0.90,-1,-1,-1
375,11,1078.20,446.18,99.98,141.74,0.90,-1,-1,-1
375,12,1718.44,444.82,100.13,143.68,0.91,-1,-1,-1
376,3,709.52,947.36,486.66,783.01,0.43,-1,-1,-1
376,6,766.16,377.38,89.62,232.88,0.93,-1,-1,-1
376,7,1406.61,376.93,88.78,232.05,0.94,-1,-1,-1
376,8,126.25,378.13,89.83,233.94,0.94,-1,-1,-1
376,10,437.29,446.56,101.01,141.87,0.89,-1,-1,-1
376,11,1077.09,445.25,100.10,141.13,0.90,-1,-1,-1
376,12,1717.44,444.54,99.54,142.30,0.91,-1,-1,-1
377,3,716.53,947.75,481.90,772.16,0.43,-1,-1,-1
377,6,765.85,377.12,92.12,236.31,0.94,-1,-1,-1
377,7,1406.72,376.09,91.15,236.01,0.93,-1,-1,-1
377,8,125.55,377.81,92.52,237.61,0.94,-1,-1,-1
377,10,435.71,446.25,100.52,140.31,0.88,-1,-1,-1
377,11,1075.81,445.35,100.18,140.47,0.89,-1,-1,-1
377,12,1717.02,444.22,99.50,141.34,0.90,-1,-1,-1
378,3,708.57,945.62,484.13,773.20,0.42,-1,-1,-1
378,6,765.77,376.60,94.72,240.67,0.93,-1,-1,-1
378,7,1406.63,376.01,94.02,240.58,0.93,-1,-1,-1
378,8,125.65,377.27,95.43,242.06,0.93,-1,-1,-1
378,10,433.66,445.69,102.92,142.89,0.88,-1,-1,-1
378,11,1074.11,445.17,101.86,142.04,0.88,-1,-1,-1
378,12,1716.74,444.11,99.82,140.55,0.90,-1,-1,-1
379,3,699.89,944.37,493.72,787.60,0.42,-1,-1,-1
379,6,764.61,376.42,97.02,244.06,0.94,-1,-1,-1
379,7,1405.72,375.35,96.82,244.92,0.94,-1,-1,-1
379,8,125.36,376.64,97.96,245.91,0.93,-1,-1,-1
379,10,432.39,445.49,102.22,141.19,0.88,-1,-1,-1
379,11,1071.88,444.22,103.08,143.09,0.89,-1,-1,-1
379,12,1714.10,442.72,101.50,142.07,0.89,-1,-1,-1
380,3,695.81,943.46,498.12,794.40,0.43,-1,-1,-1
380,6,764.41,376.16,98.25,244.86,0.93,-1,-1,-1
380,7,1404.85,375.11,98.87,246.97,0.93,-1,-1,-1
380,8,124.89,376.42,99.44,247.33,0.93,-1,-1,-1
380,10,430.87,444.08,101.90,140.10,0.88,-1,-1,-1
380,11,1070.51,442.76,103.79,143.49,0.89,-1,-1,-1
380,12,1711.96,441.77,102.73,143.10,0.86,-1,-1,-1
381,3,700.34,944.00,486.80,773.01,0.45,-1,-1,-1
381,6,763.20,375.41,100.05,247.31,0.93,-1,-1,-1
381,7,1404.31,374.60,100.03,247.68,0.94,-1,-1,-1
381,8,124.87,376.37,100.49,247.80,0.93,-1,-1,-1
381,10,429.70,443.33,101.73,138.81,0.88,-1,-1,-1
381,11,1069.41,442.21,102.65,141.42,0.88,-1,-1,-1
381,12,1708.86,440.76,104.30,144.83,0.86,-1,-1,-1
382,3,690.69,941.05,500.84,795.04,0.42,-1,-1,-1
382,6,762.65,375.81,100.87,247.74,0.94,-1,-1,-1
382,7,1403.78,375.09,101.05,248.33,0.94,-1,-1,-1
382,8,123.75,376.81,101.31,248.35,0.94,-1,-1,-1
382,10,427.26,442.85,102.64,139.24,0.87,-1,-1,-1
382,11,1068.06,440.90,104.19,142.89,0.87,-1,-1,-1
382,12,1708.07,440.61,104.21,143.27,0.88,-1,-1,-1
383,3,687.80,937.32,506.51,805.80,0.46,-1,-1,-1
383,6,761.36,375.32,102.41,250.49,0.94,-1,-1,-1
383,7,1401.14,374.41,102.73,251.16,0.94,-1,-1,-1
383,8,121.65,376.33,102.92,251.15,0.93,-1,-1,-1
383,10,424.85,442.01,104.72,141.66,0.86,-1,-1,-1
383,11,1066.33,439.98,104.61,142.99,0.87,-1,-1,-1
383,12,1706.03,439.68,104.20,142.67,0.86,-1,-1,-1
384,3,694.31,939.01,495.30,787.31,0.46,-1,-1,-1
384,6,760.31,374.71,103.19,251.49,0.94,-1,-1,-1
384,7,1399.18,373.95,103.47,251.74,0.94,-1,-1,-1
384,8,119.69,375.50,103.71,252.16,0.94,-1,-1,-1
384,10,422.63,440.60,106.45,143.90,0.87,-1,-1,-1
384,11,1065.02,440.32,104.41,142.14,0.87,-1,-1,-1
384,12,1704.94,439.57,104.93,142.45,0.86,-1,-1,-1
385,3,696.33,940.15,504.63,803.93,0.43,-1,-1,-1
385,6,759.29,373.61,103.82,252.24,0.94,-1,-1,-1
385,7,1398.43,373.12,103.74,251.90,0.94,-1,-1,-1
385,8,118.37,374.54,104.09,252.48,0.94,-1,-1,-1
385,10,421.57,440.30,105.88,142.55,0.86,-1,-1,-1
385,11,1064.55,440.25,106.15,143.17,0.87,-1,-1,-1
385,12,1704.07,438.88,106.22,142.82,0.88,-1,-1,-1
386,3,692.56,939.69,517.12,827.78,0.42,-1,-1,-1
386,6,757.46,371.88,104.26,253.36,0.94,-1,-1,-1
386,7,1397.11,371.06,104.13,253.22,0.94,-1,-1,-1
386,8,116.64,372.64,104.61,253.87,0.94,-1,-1,-1
386,10,421.23,439.76,106.55,142.47,0.87,-1,-1,-1
386,11,1062.99,439.79,107.88,144.00,0.86,-1,-1,-1
386,12,1701.29,437.74,108.13,144.75,0.85,-1,-1,-1
387,3,683.80,940.40,539.17,870.21,0.43,-1,-1,-1
387,6,755.50,370.13,104.29,254.17,0.94,-1,-1,-1
387,7,1395.74,369.40,104.23,254.56,0.94,-1,-1,-1
387,8,114.94,370.83,104.80,255.23,0.94,-1,-1,-1
387,10,421.67,439.80,106.65,141.10,0.88,-1,-1,-1
387,11,1060.40,439.19,108.18,143.43,0.84,-1,-1,-1
387,12,1699.75,437.33,109.92,146.37,0.86,-1,-1,-1
