0,1,250.80,372.90,45.00,112.80,0.93,-1,-1,-1
0,2,325.80,400.80,47.40,67.80,0.91,-1,-1,-1
0,3,346.80,401.40,56.40,68.40,0.88,-1,-1,-1
1,1,250.44,372.64,45.20,113.32,0.93,-1,-1,-1
1,2,326.06,401.06,47.40,67.80,0.90,-1,-1,-1
1,3,346.28,401.40,56.40,68.40,0.88,-1,-1,-1
2,1,250.16,372.60,45.20,113.41,0.93,-1,-1,-1
2,2,326.34,401.10,47.40,67.80,0.91,-1,-1,-1
2,3,346.23,401.17,56.79,68.87,0.88,-1,-1,-1
3,1,249.88,372.59,45.14,113.43,0.93,-1,-1,-1
3,2,326.19,401.11,47.40,67.80,0.91,-1,-1,-1
3,3,346.00,401.32,56.89,69.01,0.88,-1,-1,-1
4,1,249.59,373.03,44.88,112.99,0.93,-1,-1,-1
4,2,325.98,400.89,47.72,68.24,0.90,-1,-1,-1
4,3,345.74,401.38,56.87,69.05,0.88,-1,-1,-1
5,1,249.24,372.96,44.88,113.26,0.93,-1,-1,-1
5,2,325.72,401.25,47.77,68.39,0.90,-1,-1,-1
5,3,345.69,401.40,56.79,69.05,0.88,-1,-1,-1
6,1,249.09,373.36,44.76,113.36,0.93,-1,-1,-1
6,2,325.44,401.58,47.74,68.44,0.90,-1,-1,-1
6,3,345.70,401.61,56.73,69.05,0.88,-1,-1,-1
7,1,248.88,373.91,44.43,112.98,0.93,-1,-1,-1
7,2,324.99,401.90,48.03,68.86,0.90,-1,-1,-1
7,3,345.72,401.90,56.67,69.04,0.88,-1,-1,-1
8,1,248.68,374.10,44.17,112.85,0.93,-1,-1,-1
8,2,324.42,402.02,48.12,69.01,0.90,-1,-1,-1
8,3,345.75,402.40,56.22,68.63,0.88,-1,-1,-1
9,1,248.49,374.37,43.93,112.80,0.93,-1,-1,-1
9,2,324.23,402.05,48.15,69.06,0.90,-1,-1,-1
9,3,345.75,402.59,56.07,68.47,0.87,-1,-1,-1
10,1,248.40,374.66,43.70,112.78,0.93,-1,-1,-1
10,2,323.82,402.06,48.44,69.47,0.90,-1,-1,-1
10,3,345.73,402.85,56.06,68.41,0.87,-1,-1,-1
11,1,248.36,374.96,43.47,112.78,0.93,-1,-1,-1
11,2,323.47,402.26,48.55,69.62,0.90,-1,-1,-1
11,3,346.10,402.94,56.12,68.39,0.85,-1,-1,-1
12,1,248.12,375.26,43.25,112.78,0.93,-1,-1,-1
12,2,322.93,402.33,48.64,69.67,0.91,-1,-1,-1
12,3,345.94,403.37,55.95,67.99,0.85,-1,-1,-1
13,1,248.10,375.57,43.04,112.78,0.93,-1,-1,-1
13,2,322.92,402.35,48.70,69.68,0.91,-1,-1,-1
13,3,345.49,403.52,56.26,68.24,0.85,-1,-1,-1
13,4,231.16,385.62,16.00,38.52,0.74,-1,-1,-1
14,1,247.85,376.07,42.87,112.78,0.93,-1,-1,-1
14,2,322.79,402.75,48.59,69.67,0.91,-1,-1,-1
14,3,344.70,403.77,56.84,68.73,0.85,-1,-1,-1
14,4,231.35,386.46,15.76,37.96,0.75,-1,-1,-1
15,1,247.70,376.45,42.74,112.78,0.93,-1,-1,-1
15,2,322.61,403.09,48.43,69.67,0.91,-1,-1,-1
15,3,344.04,403.86,57.38,69.32,0.84,-1,-1,-1
15,4,231.53,386.73,15.68,37.78,0.76,-1,-1,-1
16,1,247.43,376.58,42.76,113.18,0.93,-1,-1,-1
16,2,322.40,403.42,48.28,69.66,0.91,-1,-1,-1
16,3,342.99,403.88,58.00,69.93,0.82,-1,-1,-1
16,4,231.81,387.02,15.66,37.74,0.73,-1,-1,-1
17,1,247.26,377.02,42.71,113.34,0.93,-1,-1,-1
17,2,322.56,403.93,48.15,69.65,0.91,-1,-1,-1
17,3,342.23,404.08,58.19,70.16,0.85,-1,-1,-1
17,4,232.20,387.31,15.69,37.74,0.73,-1,-1,-1
18,1,247.22,377.37,42.66,113.39,0.93,-1,-1,-1
18,2,322.84,404.51,47.68,69.25,0.91,-1,-1,-1
18,3,342.15,404.55,57.86,69.85,0.85,-1,-1,-1
18,4,232.37,386.76,16.04,38.59,0.76,-1,-1,-1
19,1,247.23,377.89,42.61,113.41,0.93,-1,-1,-1
19,2,323.06,404.72,47.69,69.49,0.91,-1,-1,-1
19,3,342.38,404.72,58.03,70.12,0.86,-1,-1,-1
19,4,232.64,386.35,16.34,39.31,0.74,-1,-1,-1
20,1,247.36,378.27,42.56,113.42,0.93,-1,-1,-1
20,2,323.51,405.39,47.37,69.19,0.91,-1,-1,-1
20,3,342.55,405.37,57.56,69.82,0.86,-1,-1,-1
20,4,233.13,386.80,16.47,39.57,0.78,-1,-1,-1
21,1,247.22,378.60,42.53,113.42,0.93,-1,-1,-1
21,2,323.59,405.63,47.43,69.46,0.91,-1,-1,-1
21,3,343.22,406.20,56.98,69.30,0.83,-1,-1,-1
21,4,233.48,387.17,16.36,39.25,0.79,-1,-1,-1
22,1,246.97,379.11,42.54,113.42,0.93,-1,-1,-1
22,2,323.38,406.30,47.14,69.17,0.91,-1,-1,-1
22,3,343.55,406.70,56.62,69.11,0.85,-1,-1,-1
22,4,233.61,387.91,16.28,39.12,0.78,-1,-1,-1
23,1,246.77,379.68,42.57,113.41,0.93,-1,-1,-1
23,2,323.18,406.55,47.28,69.46,0.91,-1,-1,-1
23,3,343.73,407.28,56.38,69.03,0.82,-1,-1,-1
23,4,233.65,388.38,16.26,39.07,0.72,-1,-1,-1
24,1,246.70,380.09,42.58,113.41,0.93,-1,-1,-1
24,2,322.71,406.82,47.35,69.56,0.91,-1,-1,-1
24,3,343.45,407.88,56.19,69.01,0.82,-1,-1,-1
24,4,234.15,388.74,16.24,39.05,0.71,-1,-1,-1
25,1,246.57,380.62,42.61,113.41,0.93,-1,-1,-1
25,2,322.53,407.12,47.38,69.60,0.91,-1,-1,-1
25,3,343.93,408.49,56.15,69.00,0.84,-1,-1,-1
25,4,234.64,389.27,16.21,39.04,0.70,-1,-1,-1
26,1,246.42,381.00,42.63,113.41,0.93,-1,-1,-1
26,2,322.81,407.61,47.10,69.22,0.91,-1,-1,-1
26,3,343.85,408.70,56.28,69.39,0.84,-1,-1,-1
26,4,234.83,389.86,16.18,39.03,0.65,-1,-1,-1
27,1,246.43,381.73,42.53,113.01,0.93,-1,-1,-1
27,2,323.20,407.98,47.22,69.47,0.91,-1,-1,-1
27,3,344.01,408.57,56.72,69.93,0.85,-1,-1,-1
27,4,235.31,390.26,16.11,39.03,0.32,-1,-1,-1
28,1,246.30,382.38,42.36,112.46,0.93,-1,-1,-1
28,2,323.51,408.51,46.95,69.17,0.91,-1,-1,-1
28,3,343.71,409.10,56.84,70.14,0.85,-1,-1,-1
28,4,235.78,390.40,16.09,39.02,0.61,-1,-1,-1
29,1,246.15,383.21,42.32,112.26,0.93,-1,-1,-1
29,2,323.82,408.89,46.87,69.05,0.91,-1,-1,-1
29,3,343.92,409.68,56.64,69.82,0.85,-1,-1,-1
29,4,236.23,391.04,16.10,39.02,0.72,-1,-1,-1
30,1,246.08,383.90,42.35,112.19,0.93,-1,-1,-1
30,2,324.28,409.22,46.95,69.41,0.91,-1,-1,-1
30,3,344.18,410.29,56.58,69.69,0.84,-1,-1,-1
30,4,236.52,391.27,16.25,39.41,0.81,-1,-1,-1
31,1,246.13,385.53,41.82,110.57,0.93,-1,-1,-1
31,2,324.29,410.32,46.50,68.75,0.90,-1,-1,-1
31,3,345.13,411.89,55.65,68.45,0.85,-1,-1,-1
31,4,237.23,391.93,16.04,38.77,0.80,-1,-1,-1
32,1,246.03,386.72,41.66,109.97,0.93,-1,-1,-1
32,2,324.18,410.92,46.56,68.90,0.90,-1,-1,-1
32,3,345.59,413.07,55.11,67.58,0.87,-1,-1,-1
32,4,237.86,392.97,15.83,38.12,0.76,-1,-1,-1
33,1,245.93,387.94,41.55,109.36,0.93,-1,-1,-1
33,2,323.92,411.72,46.61,68.95,0.91,-1,-1,-1
33,3,345.82,413.69,54.78,67.26,0.87,-1,-1,-1
33,4,238.55,393.34,15.81,38.28,0.80,-1,-1,-1
34,1,245.80,388.57,41.70,109.54,0.93,-1,-1,-1
34,2,324.22,412.41,46.64,68.98,0.91,-1,-1,-1
34,3,346.23,414.30,54.79,67.15,0.87,-1,-1,-1
34,4,238.94,393.86,15.89,38.74,0.78,-1,-1,-1
35,1,245.86,388.97,41.75,109.62,0.93,-1,-1,-1
35,2,324.21,412.84,46.89,69.38,0.91,-1,-1,-1
35,3,346.92,415.10,54.52,66.72,0.88,-1,-1,-1
35,4,239.56,394.63,15.56,38.12,0.79,-1,-1,-1
36,1,245.89,389.69,41.75,109.66,0.93,-1,-1,-1
36,2,324.44,413.38,46.92,69.54,0.92,-1,-1,-1
36,3,347.12,415.98,54.52,66.57,0.88,-1,-1,-1
36,4,239.96,395.31,15.46,37.89,0.69,-1,-1,-1
37,1,245.58,389.74,42.01,110.48,0.93,-1,-1,-1
37,2,325.08,414.16,46.60,69.20,0.91,-1,-1,-1
37,3,347.32,416.48,54.65,66.91,0.88,-1,-1,-1
37,4,240.25,396.34,15.30,37.40,0.58,-1,-1,-1
38,1,245.58,390.13,42.08,110.79,0.93,-1,-1,-1
38,2,325.83,415.23,46.25,68.67,0.91,-1,-1,-1
38,3,348.09,416.84,54.51,67.05,0.87,-1,-1,-1
38,4,240.46,396.50,15.40,37.62,0.22,-1,-1,-1
39,1,245.34,390.65,42.21,111.31,0.93,-1,-1,-1
39,2,326.59,415.81,46.36,68.87,0.91,-1,-1,-1
39,3,348.97,417.35,54.44,67.11,0.86,-1,-1,-1
40,1,245.28,391.21,42.20,111.51,0.93,-1,-1,-1
40,2,327.10,416.40,46.33,68.95,0.90,-1,-1,-1
40,3,349.97,418.31,54.25,66.74,0.86,-1,-1,-1
41,1,245.27,392.20,42.18,111.58,0.93,-1,-1,-1
41,2,327.44,417.59,46.00,68.18,0.91,-1,-1,-1
41,3,350.41,419.65,54.02,66.21,0.86,-1,-1,-1
42,1,245.27,393.14,42.17,111.61,0.93,-1,-1,-1
42,2,327.20,418.22,46.19,68.29,0.91,-1,-1,-1
42,3,350.96,420.12,53.93,66.01,0.86,-1,-1,-1
43,1,245.64,394.27,42.03,111.22,0.93,-1,-1,-1
43,2,326.68,419.02,46.33,67.94,0.91,-1,-1,-1
43,3,350.77,420.67,54.28,66.34,0.87,-1,-1,-1
44,1,245.98,395.06,41.98,111.07,0.93,-1,-1,-1
44,2,327.02,419.70,46.46,67.81,0.90,-1,-1,-1
44,3,350.63,421.25,54.51,66.47,0.86,-1,-1,-1
45,1,246.42,395.73,41.93,111.02,0.93,-1,-1,-1
45,2,327.51,420.33,46.58,67.77,0.90,-1,-1,-1
45,3,350.16,421.84,54.61,66.53,0.85,-1,-1,-1
46,1,247.09,396.35,42.09,111.39,0.93,-1,-1,-1
46,2,328.47,420.73,46.65,68.15,0.90,-1,-1,-1
46,3,349.82,422.03,54.56,66.95,0.84,-1,-1,-1
47,1,247.51,396.96,42.41,112.33,0.93,-1,-1,-1
47,2,328.68,421.26,46.58,68.30,0.90,-1,-1,-1
47,3,350.49,422.28,54.50,67.11,0.85,-1,-1,-1
48,1,247.95,397.95,42.55,112.68,0.93,-1,-1,-1
48,2,328.44,421.83,46.75,68.75,0.90,-1,-1,-1
48,3,350.99,422.95,54.38,67.17,0.85,-1,-1,-1
49,1,248.58,398.89,42.65,112.81,0.93,-1,-1,-1
49,2,328.19,422.22,46.74,68.93,0.91,-1,-1,-1
49,3,351.59,425.16,53.10,65.61,0.86,-1,-1,-1
50,1,249.20,399.62,42.91,113.25,0.93,-1,-1,-1
50,2,329.21,422.54,46.85,69.38,0.91,-1,-1,-1
50,3,351.97,426.17,52.70,65.41,0.87,-1,-1,-1
51,1,249.77,400.06,43.10,113.41,0.93,-1,-1,-1
51,2,330.41,423.04,46.43,69.16,0.91,-1,-1,-1
51,3,351.79,426.52,52.76,65.75,0.89,-1,-1,-1
52,1,250.07,400.40,43.56,114.25,0.93,-1,-1,-1
52,2,331.33,423.99,46.13,69.07,0.90,-1,-1,-1
52,3,351.64,427.02,52.95,66.27,0.87,-1,-1,-1
53,1,250.59,401.09,43.71,114.17,0.93,-1,-1,-1
53,2,331.89,424.73,45.95,69.04,0.90,-1,-1,-1
53,3,352.07,426.39,54.00,67.66,0.87,-1,-1,-1
54,1,251.14,401.53,44.01,114.53,0.93,-1,-1,-1
54,2,332.21,425.18,46.42,69.82,0.90,-1,-1,-1
54,3,352.88,425.54,55.07,68.97,0.85,-1,-1,-1
55,1,251.67,402.46,44.05,114.26,0.93,-1,-1,-1
55,2,332.73,426.32,46.17,69.32,0.91,-1,-1,-1
55,3,354.09,426.18,55.22,69.08,0.86,-1,-1,-1
56,1,252.05,403.38,44.06,113.75,0.93,-1,-1,-1
56,2,333.25,427.32,46.18,69.12,0.91,-1,-1,-1
56,3,354.65,426.41,55.84,69.89,0.86,-1,-1,-1
57,1,252.22,404.09,44.17,113.55,0.94,-1,-1,-1
57,2,333.94,428.47,45.97,68.65,0.91,-1,-1,-1
57,3,354.44,427.07,56.11,70.20,0.84,-1,-1,-1
58,1,252.07,404.74,44.60,114.27,0.93,-1,-1,-1
58,2,334.58,429.07,45.89,68.47,0.91,-1,-1,-1
58,3,354.75,428.49,55.40,69.51,0.80,-1,-1,-1
59,1,251.90,405.15,44.98,114.93,0.93,-1,-1,-1
59,2,335.25,429.67,45.77,68.41,0.90,-1,-1,-1
59,3,355.37,429.80,54.87,68.84,0.83,-1,-1,-1
60,1,251.77,406.46,45.02,114.78,0.94,-1,-1,-1
60,2,335.76,430.66,45.56,68.39,0.90,-1,-1,-1
60,3,356.78,431.07,54.29,68.19,0.82,-1,-1,-1
61,1,251.68,407.73,45.08,114.71,0.94,-1,-1,-1
61,2,336.15,431.40,45.45,68.38,0.90,-1,-1,-1
61,3,358.86,433.11,52.93,66.74,0.77,-1,-1,-1
62,1,251.30,407.98,45.39,115.48,0.94,-1,-1,-1
62,2,336.62,432.45,45.52,68.38,0.91,-1,-1,-1
62,3,359.86,433.25,53.15,67.00,0.83,-1,-1,-1
63,1,250.82,408.44,45.78,116.55,0.94,-1,-1,-1
63,2,336.53,433.01,45.64,68.38,0.91,-1,-1,-1
63,3,360.29,433.47,53.45,67.50,0.83,-1,-1,-1
64,1,250.34,409.58,45.90,116.95,0.93,-1,-1,-1
64,2,336.96,433.79,45.52,67.98,0.91,-1,-1,-1
64,3,360.86,433.73,53.51,67.69,0.83,-1,-1,-1
65,1,249.92,410.77,46.03,117.48,0.93,-1,-1,-1
65,2,337.26,434.45,45.56,67.84,0.90,-1,-1,-1
65,3,362.34,434.39,53.32,67.76,0.85,-1,-1,-1
66,1,250.04,412.77,45.71,116.88,0.93,-1,-1,-1
66,2,338.83,435.07,45.41,67.78,0.90,-1,-1,-1
66,3,363.59,435.41,52.62,67.39,0.86,-1,-1,-1
67,1,250.11,414.30,45.54,116.64,0.93,-1,-1,-1
67,2,339.72,435.27,45.53,68.17,0.89,-1,-1,-1
67,3,364.90,435.77,52.20,67.25,0.85,-1,-1,-1
68,1,250.01,415.03,45.32,116.15,0.93,-1,-1,-1
68,2,340.21,436.11,45.22,67.91,0.89,-1,-1,-1
68,3,364.89,436.08,52.20,67.60,0.87,-1,-1,-1
69,1,249.59,415.87,45.20,115.95,0.93,-1,-1,-1
69,2,340.18,436.80,45.09,67.82,0.89,-1,-1,-1
69,3,366.04,436.17,51.83,67.73,0.86,-1,-1,-1
70,1,249.10,416.34,45.04,115.88,0.93,-1,-1,-1
70,2,340.39,437.43,44.95,67.79,0.89,-1,-1,-1
70,3,366.86,436.78,50.87,66.99,0.85,-1,-1,-1
71,1,248.07,415.89,45.47,117.43,0.93,-1,-1,-1
71,2,340.69,438.04,44.83,67.78,0.89,-1,-1,-1
71,3,366.98,437.18,50.81,67.50,0.83,-1,-1,-1
72,1,247.48,415.89,45.67,118.41,0.93,-1,-1,-1
72,2,341.57,438.84,44.39,67.38,0.88,-1,-1,-1
72,3,367.48,437.12,51.04,68.09,0.85,-1,-1,-1
73,1,246.85,415.67,45.96,119.56,0.93,-1,-1,-1
73,2,342.05,439.51,43.91,66.83,0.88,-1,-1,-1
73,3,367.48,437.47,51.07,68.31,0.84,-1,-1,-1
74,1,246.21,415.95,46.11,119.98,0.93,-1,-1,-1
74,2,342.16,439.93,43.84,66.63,0.87,-1,-1,-1
74,3,367.12,437.98,50.94,68.40,0.84,-1,-1,-1
75,1,245.65,416.04,46.23,120.13,0.93,-1,-1,-1
75,2,342.53,440.46,43.90,66.56,0.87,-1,-1,-1
75,3,367.63,437.95,51.17,68.82,0.82,-1,-1,-1
76,1,245.24,416.25,46.30,120.17,0.93,-1,-1,-1
76,2,343.17,441.24,43.71,66.14,0.88,-1,-1,-1
76,3,368.22,438.32,51.20,68.98,0.83,-1,-1,-1
77,1,244.20,416.31,46.92,121.36,0.92,-1,-1,-1
77,2,344.08,442.10,43.46,65.59,0.88,-1,-1,-1
77,3,368.43,438.65,51.22,69.03,0.84,-1,-1,-1
78,1,243.51,416.91,47.39,122.19,0.92,-1,-1,-1
78,2,344.34,442.59,43.49,65.39,0.88,-1,-1,-1
78,3,368.84,439.35,50.90,68.65,0.85,-1,-1,-1
79,1,243.38,417.91,47.32,121.70,0.92,-1,-1,-1
79,2,344.46,442.95,43.81,65.73,0.88,-1,-1,-1
79,3,368.26,439.59,51.44,69.30,0.83,-1,-1,-1
80,1,243.40,418.86,47.20,121.10,0.92,-1,-1,-1
80,2,344.69,444.06,43.54,65.06,0.88,-1,-1,-1
80,3,368.94,440.46,50.99,68.75,0.80,-1,-1,-1
81,1,243.12,419.40,47.55,121.65,0.92,-1,-1,-1
81,2,345.54,445.24,43.48,64.42,0.89,-1,-1,-1
81,3,368.94,440.98,50.92,68.54,0.81,-1,-1,-1
82,1,242.69,419.59,48.14,123.04,0.92,-1,-1,-1
82,2,345.60,446.06,43.54,64.19,0.88,-1,-1,-1
82,3,368.56,441.15,51.24,68.85,0.80,-1,-1,-1
83,1,242.50,420.43,48.45,123.55,0.93,-1,-1,-1
83,2,345.69,446.74,43.80,64.11,0.88,-1,-1,-1
83,3,368.11,441.20,51.94,69.36,0.83,-1,-1,-1
84,1,242.12,420.73,49.00,124.52,0.92,-1,-1,-1
84,2,345.42,447.36,43.66,63.69,0.87,-1,-1,-1
84,3,368.04,441.40,52.38,69.55,0.84,-1,-1,-1
85,1,242.17,420.82,49.23,124.87,0.92,-1,-1,-1
85,2,345.61,447.96,43.81,63.55,0.87,-1,-1,-1
85,3,367.96,441.66,52.64,69.62,0.84,-1,-1,-1
86,1,242.09,420.64,49.55,125.38,0.93,-1,-1,-1
86,2,345.69,448.56,43.82,63.10,0.87,-1,-1,-1
86,3,367.67,441.94,52.84,69.64,0.85,-1,-1,-1
87,1,242.22,420.36,49.94,126.34,0.93,-1,-1,-1
87,2,345.97,449.15,43.71,62.55,0.87,-1,-1,-1
87,3,367.50,442.43,52.65,69.25,0.83,-1,-1,-1
88,1,241.98,419.84,50.30,127.09,0.93,-1,-1,-1
88,2,346.19,449.95,43.41,61.95,0.86,-1,-1,-1
88,3,367.76,442.80,52.31,68.70,0.83,-1,-1,-1
89,1,242.53,419.63,50.33,127.35,0.93,-1,-1,-1
89,2,346.76,451.01,42.70,60.54,0.87,-1,-1,-1
89,3,367.97,442.33,52.73,69.29,0.87,-1,-1,-1
90,1,242.91,419.35,50.42,127.82,0.93,-1,-1,-1
90,2,346.62,451.38,42.71,60.03,0.87,-1,-1,-1
90,3,368.25,442.34,52.89,69.51,0.86,-1,-1,-1
91,1,243.29,419.23,50.37,127.98,0.93,-1,-1,-1
91,2,346.70,450.89,43.66,61.06,0.89,-1,-1,-1
91,3,368.13,442.73,52.19,68.80,0.86,-1,-1,-1
92,1,243.68,419.38,50.25,128.03,0.93,-1,-1,-1
92,2,346.63,450.89,44.18,61.45,0.89,-1,-1,-1
92,3,368.19,442.86,52.10,68.93,0.86,-1,-1,-1
92,5,366.79,421.86,11.61,25.68,0.58,-1,-1,-1
93,1,243.81,419.43,50.23,128.42,0.93,-1,-1,-1
93,2,346.75,451.06,44.47,61.61,0.89,-1,-1,-1
93,3,368.05,443.10,51.60,68.58,0.86,-1,-1,-1
93,5,366.90,421.81,11.87,26.23,0.55,-1,-1,-1
94,1,243.42,419.25,50.51,129.34,0.93,-1,-1,-1
94,2,346.74,451.11,44.67,61.68,0.89,-1,-1,-1
94,3,368.48,443.38,51.22,68.45,0.85,-1,-1,-1
94,5,366.70,421.80,11.95,26.42,0.56,-1,-1,-1
95,1,243.26,419.97,50.43,129.28,0.93,-1,-1,-1
95,2,346.66,451.31,44.89,61.71,0.89,-1,-1,-1
95,3,368.64,443.88,50.69,68.00,0.84,-1,-1,-1
95,5,366.86,422.02,11.97,26.46,0.59,-1,-1,-1
96,1,243.01,420.83,50.39,129.24,0.93,-1,-1,-1
96,2,346.79,451.17,45.02,61.73,0.89,-1,-1,-1
96,3,368.79,443.85,50.69,68.23,0.85,-1,-1,-1
96,5,366.91,421.88,11.98,26.47,0.57,-1,-1,-1
97,1,242.54,421.55,50.52,129.60,0.93,-1,-1,-1
97,2,346.70,450.90,45.32,62.14,0.89,-1,-1,-1
97,3,368.87,443.83,50.66,68.32,0.85,-1,-1,-1
97,5,367.14,421.82,11.98,26.46,0.57,-1,-1,-1
98,1,242.14,421.81,50.82,130.52,0.94,-1,-1,-1
98,2,346.66,450.79,45.45,62.29,0.89,-1,-1,-1
98,3,369.11,444.02,50.60,68.36,0.85,-1,-1,-1
98,5,367.22,421.60,11.98,26.45,0.57,-1,-1,-1
99,1,241.73,422.09,50.87,130.85,0.94,-1,-1,-1
99,2,346.83,450.94,45.50,62.35,0.89,-1,-1,-1
99,3,369.23,444.08,50.53,68.38,0.86,-1,-1,-1
99,5,367.47,421.72,11.94,26.44,0.55,-1,-1,-1
100,1,241.22,422.39,51.00,131.36,0.93,-1,-1,-1
100,2,346.74,450.59,45.83,62.77,0.89,-1,-1,-1
100,3,369.43,444.09,50.58,68.38,0.87,-1,-1,-1
100,5,367.54,421.77,11.94,26.44,0.53,-1,-1,-1
101,1,240.72,422.69,50.90,131.53,0.93,-1,-1,-1
101,2,346.74,450.06,46.27,63.33,0.90,-1,-1,-1
101,3,369.72,444.09,50.56,68.39,0.87,-1,-1,-1
101,5,367.77,421.79,11.94,26.43,0.55,-1,-1,-1
102,1,240.28,422.99,50.57,131.19,0.93,-1,-1,-1
102,2,346.60,449.45,46.70,63.93,0.90,-1,-1,-1
102,3,369.66,444.08,50.49,68.39,0.87,-1,-1,-1
102,5,367.85,421.79,11.95,26.43,0.58,-1,-1,-1
103,1,239.56,423.09,50.37,131.04,0.93,-1,-1,-1
103,2,346.51,449.22,46.91,64.16,0.90,-1,-1,-1
103,3,369.98,444.27,50.18,67.99,0.87,-1,-1,-1
103,5,367.99,421.60,12.11,26.82,0.61,-1,-1,-1
104,1,238.70,422.73,50.32,131.37,0.93,-1,-1,-1
104,2,346.42,448.54,47.51,65.03,0.90,-1,-1,-1
104,3,369.93,444.54,49.99,67.85,0.87,-1,-1,-1
104,5,368.05,421.72,12.16,26.97,0.59,-1,-1,-1
105,1,237.69,422.18,50.30,131.88,0.93,-1,-1,-1
105,2,346.26,447.89,47.95,65.74,0.90,-1,-1,-1
105,3,370.13,444.63,49.87,67.79,0.87,-1,-1,-1
105,5,368.14,421.97,12.01,26.62,0.58,-1,-1,-1
106,1,236.89,422.17,50.17,132.06,0.93,-1,-1,-1
106,2,345.81,447.06,48.51,66.79,0.91,-1,-1,-1
106,3,369.99,444.66,49.85,67.77,0.88,-1,-1,-1
106,5,368.25,422.06,11.80,26.09,0.57,-1,-1,-1
107,1,235.88,422.35,49.97,131.72,0.94,-1,-1,-1
107,2,345.80,446.16,48.79,67.58,0.91,-1,-1,-1
107,3,369.96,444.67,49.79,67.77,0.87,-1,-1,-1
107,5,368.40,421.90,11.90,26.29,0.56,-1,-1,-1
108,1,234.82,422.42,49.92,131.59,0.93,-1,-1,-1
108,2,346.06,445.82,48.73,67.86,0.91,-1,-1,-1
108,3,369.80,444.66,49.67,67.77,0.87,-1,-1,-1
108,5,368.27,421.44,12.30,27.16,0.59,-1,-1,-1
109,1,234.02,422.25,50.15,132.32,0.94,-1,-1,-1
109,2,346.46,445.71,48.51,67.96,0.91,-1,-1,-1
109,3,369.99,444.66,49.51,67.77,0.87,-1,-1,-1
109,5,368.68,421.46,12.30,27.09,0.55,-1,-1,-1
110,1,233.17,422.17,50.39,132.98,0.93,-1,-1,-1
110,2,346.75,445.48,48.14,67.98,0.90,-1,-1,-1
110,3,370.23,444.85,49.12,67.38,0.87,-1,-1,-1
110,5,369.03,421.28,12.32,27.06,0.47,-1,-1,-1
111,1,232.32,421.95,50.79,134.01,0.93,-1,-1,-1
111,2,347.18,445.20,47.74,67.97,0.90,-1,-1,-1
111,3,370.73,445.12,48.56,66.84,0.87,-1,-1,-1
111,5,369.30,421.40,12.03,26.25,0.40,-1,-1,-1
112,1,231.42,421.86,51.15,134.79,0.93,-1,-1,-1
112,2,347.85,444.71,47.36,67.96,0.90,-1,-1,-1
112,3,371.31,445.41,47.95,66.24,0.87,-1,-1,-1
112,5,369.50,421.26,12.12,26.34,0.36,-1,-1,-1
113,1,230.80,421.83,51.51,135.46,0.93,-1,-1,-1
113,2,348.27,444.34,47.26,68.34,0.90,-1,-1,-1
113,3,371.51,444.92,48.14,66.81,0.87,-1,-1,-1
113,5,369.55,421.00,12.18,26.38,0.27,-1,-1,-1
113,6,281.81,426.66,13.10,31.68,0.58,-1,-1,-1
114,1,230.33,421.81,51.96,136.10,0.93,-1,-1,-1
114,2,348.83,443.82,47.19,68.87,0.90,-1,-1,-1
114,3,371.82,444.34,48.14,67.04,0.87,-1,-1,-1
114,5,369.77,420.32,12.59,27.18,0.24,-1,-1,-1
114,6,282.14,426.15,13.50,32.69,0.58,-1,-1,-1
115,1,230.12,421.81,52.42,136.72,0.94,-1,-1,-1
115,2,349.21,443.04,47.22,69.45,0.91,-1,-1,-1
115,3,372.22,443.52,48.37,67.52,0.87,-1,-1,-1
115,5,370.16,420.26,12.50,27.09,0.22,-1,-1,-1
115,6,282.99,426.44,13.07,31.66,0.63,-1,-1,-1
116,1,230.23,422.00,52.87,137.33,0.93,-1,-1,-1
116,2,349.67,442.56,46.97,69.66,0.90,-1,-1,-1
116,3,372.37,443.01,48.45,67.70,0.87,-1,-1,-1
116,5,370.77,420.24,12.34,26.66,0.16,-1,-1,-1
116,6,283.93,427.01,12.71,30.83,0.64,-1,-1,-1
117,1,230.55,421.68,53.30,137.94,0.94,-1,-1,-1
117,2,350.48,442.19,46.38,69.34,0.90,-1,-1,-1
117,3,372.77,442.63,48.56,67.77,0.87,-1,-1,-1
117,5,371.00,420.44,12.24,26.49,0.24,-1,-1,-1
117,6,284.75,426.53,12.61,30.58,0.62,-1,-1,-1
118,1,231.27,421.76,53.49,137.76,0.94,-1,-1,-1
118,2,351.08,442.07,45.95,69.20,0.90,-1,-1,-1
118,3,373.46,445.26,46.71,65.03,0.86,-1,-1,-1
118,5,371.33,419.52,12.51,27.22,0.21,-1,-1,-1
118,6,285.62,426.79,12.40,30.08,0.56,-1,-1,-1
119,1,232.11,421.19,53.82,138.06,0.94,-1,-1,-1
119,2,351.67,442.03,45.43,68.74,0.90,-1,-1,-1
119,3,374.41,445.87,46.24,63.98,0.85,-1,-1,-1
119,5,371.86,418.99,12.57,27.50,0.33,-1,-1,-1
119,6,286.55,426.25,12.49,30.34,0.30,-1,-1,-1
120,1,232.77,419.60,54.47,139.35,0.94,-1,-1,-1
120,2,352.19,442.03,45.01,68.17,0.90,-1,-1,-1
120,3,375.06,441.67,49.46,68.02,0.88,-1,-1,-1
120,5,372.38,418.59,12.71,27.99,0.47,-1,-1,-1
120,6,287.11,425.44,12.84,31.27,0.19,-1,-1,-1
121,1,233.64,418.21,55.06,140.61,0.94,-1,-1,-1
121,2,352.24,441.65,45.11,68.34,0.90,-1,-1,-1
121,3,375.54,440.15,50.92,69.49,0.86,-1,-1,-1
121,5,372.69,418.06,12.93,28.57,0.48,-1,-1,-1
121,6,287.75,425.15,12.84,31.21,0.33,-1,-1,-1
122,1,234.83,417.29,55.51,141.46,0.94,-1,-1,-1
122,2,352.63,440.72,45.59,69.20,0.90,-1,-1,-1
122,3,375.63,439.37,51.63,70.05,0.85,-1,-1,-1
122,5,373.35,418.45,12.69,28.00,0.29,-1,-1,-1
122,6,288.35,424.65,12.86,31.19,0.41,-1,-1,-1
123,1,236.16,416.76,55.90,142.16,0.94,-1,-1,-1
123,2,353.61,440.39,45.66,69.52,0.90,-1,-1,-1
123,3,376.28,439.29,51.81,69.87,0.85,-1,-1,-1
123,5,374.14,418.61,12.28,26.98,0.45,-1,-1,-1
123,6,288.97,424.27,13.03,31.59,0.34,-1,-1,-1
124,1,237.34,416.77,55.86,141.61,0.94,-1,-1,-1
124,2,354.40,439.88,46.00,70.03,0.90,-1,-1,-1
124,3,377.10,438.88,52.28,70.18,0.86,-1,-1,-1
124,5,375.11,418.28,11.95,26.19,0.31,-1,-1,-1
124,6,289.71,423.14,13.22,32.13,0.27,-1,-1,-1
125,1,238.48,416.60,56.01,141.78,0.94,-1,-1,-1
125,2,355.25,439.70,45.81,69.42,0.90,-1,-1,-1
125,3,378.46,438.94,52.28,69.89,0.86,-1,-1,-1
125,5,375.75,417.97,12.05,26.30,0.39,-1,-1,-1
125,6,290.76,424.11,12.70,30.75,0.18,-1,-1,-1
126,1,239.51,416.54,56.21,141.82,0.94,-1,-1,-1
126,2,356.12,439.45,45.77,69.19,0.90,-1,-1,-1
126,3,379.73,438.39,52.31,69.77,0.87,-1,-1,-1
126,5,376.42,417.66,12.38,27.14,0.42,-1,-1,-1
126,6,291.91,424.30,12.32,29.81,0.41,-1,-1,-1
127,1,240.47,416.34,56.68,142.61,0.94,-1,-1,-1
127,2,357.34,438.97,45.93,69.49,0.90,-1,-1,-1
127,3,381.17,438.59,51.94,68.93,0.86,-1,-1,-1
127,5,377.16,417.15,12.67,27.85,0.26,-1,-1,-1
127,6,292.88,422.97,12.86,31.09,0.36,-1,-1,-1
128,1,241.16,416.08,57.15,143.29,0.94,-1,-1,-1
128,2,358.81,438.60,45.91,69.60,0.90,-1,-1,-1
128,3,382.21,438.48,51.93,68.60,0.87,-1,-1,-1
128,5,377.82,416.97,12.77,28.11,0.32,-1,-1,-1
128,6,293.75,422.09,13.17,31.95,0.43,-1,-1,-1
129,1,241.65,415.99,57.80,144.71,0.94,-1,-1,-1
129,2,359.82,438.68,45.73,69.24,0.90,-1,-1,-1
129,3,382.66,438.45,52.16,68.48,0.89,-1,-1,-1
129,5,378.56,416.71,12.59,27.82,0.27,-1,-1,-1
129,6,294.60,421.38,13.28,32.28,0.48,-1,-1,-1
130,1,242.32,416.55,57.82,144.45,0.94,-1,-1,-1
130,2,360.33,438.32,45.76,69.10,0.90,-1,-1,-1
130,3,383.98,437.46,52.65,69.22,0.87,-1,-1,-1
130,5,379.98,416.82,12.18,26.91,0.17,-1,-1,-1
130,6,295.96,421.91,12.65,30.82,0.42,-1,-1,-1
131,1,242.79,416.58,58.12,145.11,0.94,-1,-1,-1
131,2,360.35,437.41,46.45,69.84,0.90,-1,-1,-1
131,3,384.65,436.71,53.22,69.90,0.86,-1,-1,-1
131,5,380.91,416.27,12.40,27.36,0.29,-1,-1,-1
131,6,297.12,420.73,12.77,31.06,0.47,-1,-1,-1
132,1,243.19,416.80,58.33,145.35,0.94,-1,-1,-1
132,2,361.27,436.68,46.81,70.12,0.89,-1,-1,-1
132,3,385.59,436.04,53.58,70.15,0.88,-1,-1,-1
132,5,382.12,416.27,12.27,27.13,0.26,-1,-1,-1
132,6,298.42,419.91,12.79,31.15,0.41,-1,-1,-1
133,1,243.28,416.49,58.68,146.20,0.94,-1,-1,-1
133,2,362.28,436.02,47.16,70.22,0.90,-1,-1,-1
133,3,386.66,435.60,53.80,70.24,0.89,-1,-1,-1
133,5,383.38,415.89,12.17,26.65,0.24,-1,-1,-1
133,6,299.68,419.02,12.97,31.58,0.24,-1,-1,-1
134,1,243.39,416.18,58.81,146.51,0.94,-1,-1,-1
134,2,364.17,435.99,46.98,69.85,0.91,-1,-1,-1
134,3,388.72,435.45,53.27,69.48,0.89,-1,-1,-1
134,5,384.57,415.15,11.83,25.66,0.24,-1,-1,-1
134,6,301.32,419.30,12.52,30.55,0.26,-1,-1,-1
135,1,243.25,415.48,58.99,147.00,0.94,-1,-1,-1
135,2,365.30,436.19,46.83,69.31,0.91,-1,-1,-1
135,3,389.66,435.41,53.09,69.18,0.88,-1,-1,-1
135,5,385.77,414.08,12.13,26.11,0.26,-1,-1,-1
135,6,302.51,419.43,12.33,30.16,0.35,-1,-1,-1
136,1,243.00,413.84,59.39,148.36,0.94,-1,-1,-1
136,2,366.12,435.69,47.11,69.51,0.91,-1,-1,-1
136,3,390.78,435.02,52.99,69.07,0.88,-1,-1,-1
136,5,386.65,413.10,12.50,27.07,0.19,-1,-1,-1
136,6,303.67,417.89,12.43,30.42,0.33,-1,-1,-1
137,1,242.83,412.24,59.67,149.64,0.94,-1,-1,-1
137,2,368.48,435.11,47.00,69.58,0.91,-1,-1,-1
137,3,391.75,434.88,53.75,69.82,0.89,-1,-1,-1
137,5,388.21,412.75,12.50,27.03,0.23,-1,-1,-1
137,6,304.81,416.74,12.77,31.31,0.32,-1,-1,-1
138,1,243.01,411.65,59.64,150.10,0.94,-1,-1,-1
138,2,369.85,434.51,47.12,69.60,0.91,-1,-1,-1
138,3,392.79,434.25,53.81,69.70,0.87,-1,-1,-1
138,5,389.66,413.03,12.29,26.62,0.23,-1,-1,-1
138,6,306.46,416.12,12.75,31.25,0.43,-1,-1,-1
139,1,243.20,410.65,59.75,151.05,0.94,-1,-1,-1
139,2,371.92,433.91,47.15,69.61,0.91,-1,-1,-1
139,3,394.30,433.43,54.29,70.05,0.88,-1,-1,-1
139,5,391.32,412.56,12.30,26.87,0.11,-1,-1,-1
139,6,308.70,416.90,12.31,30.04,0.38,-1,-1,-1
140,1,243.66,409.11,59.97,152.17,0.94,-1,-1,-1
140,2,373.78,432.90,47.29,70.01,0.91,-1,-1,-1
140,3,396.31,432.54,54.67,70.58,0.89,-1,-1,-1
140,5,392.45,412.39,12.00,26.17,0.22,-1,-1,-1
140,6,310.37,415.82,12.40,30.38,0.22,-1,-1,-1
141,1,244.45,408.74,59.98,152.57,0.94,-1,-1,-1
141,2,374.62,432.14,47.39,70.16,0.91,-1,-1,-1
141,3,398.34,432.62,54.16,69.98,0.89,-1,-1,-1
141,5,394.40,411.95,11.95,25.90,0.18,-1,-1,-1
141,6,312.22,415.44,12.27,30.11,0.35,-1,-1,-1
142,1,245.46,408.63,59.92,152.69,0.94,-1,-1,-1
142,2,376.24,431.87,47.48,70.21,0.90,-1,-1,-1
142,3,400.02,432.27,54.05,69.75,0.90,-1,-1,-1
142,5,395.76,411.40,12.98,28.20,0.30,-1,-1,-1
142,6,313.83,415.32,11.87,29.21,0.42,-1,-1,-1
143,1,246.18,408.41,60.38,153.90,0.94,-1,-1,-1
143,2,377.56,431.79,47.20,69.83,0.89,-1,-1,-1
143,3,401.69,431.56,54.20,70.06,0.89,-1,-1,-1
143,5,397.63,410.04,13.27,29.03,0.25,-1,-1,-1
143,6,315.46,415.09,11.57,28.48,0.31,-1,-1,-1
144,1,246.59,407.56,61.11,155.52,0.93,-1,-1,-1
144,2,379.12,431.98,46.85,69.29,0.90,-1,-1,-1
144,3,403.36,431.30,54.05,69.78,0.87,-1,-1,-1
144,5,399.44,409.13,13.10,28.58,0.18,-1,-1,-1
144,6,317.62,415.03,11.45,28.21,0.29,-1,-1,-1
145,1,247.84,407.65,61.33,155.71,0.93,-1,-1,-1
145,2,381.07,430.87,47.47,69.88,0.90,-1,-1,-1
145,3,406.41,430.23,54.62,70.46,0.89,-1,-1,-1
145,5,401.00,408.01,13.56,29.58,0.21,-1,-1,-1
145,6,319.12,413.61,11.89,29.33,0.17,-1,-1,-1
146,1,250.00,408.10,61.35,154.97,0.93,-1,-1,-1
146,2,383.54,430.67,47.31,68.92,0.91,-1,-1,-1
146,3,408.09,429.45,54.84,70.72,0.90,-1,-1,-1
146,5,402.83,407.80,13.12,28.39,0.37,-1,-1,-1
146,6,321.16,413.69,11.77,28.96,0.31,-1,-1,-1
147,1,252.52,407.90,61.58,155.05,0.93,-1,-1,-1
147,2,385.22,430.01,48.02,69.34,0.90,-1,-1,-1
147,3,409.97,428.98,54.68,70.42,0.89,-1,-1,-1
147,5,404.88,408.54,12.51,27.11,0.26,-1,-1,-1
147,6,322.68,412.36,12.10,30.01,0.32,-1,-1,-1
148,1,254.28,407.44,62.17,155.85,0.93,-1,-1,-1
148,2,387.27,429.59,48.11,69.11,0.89,-1,-1,-1
148,3,411.66,428.22,54.92,70.69,0.88,-1,-1,-1
148,5,406.56,407.44,12.75,27.83,0.45,-1,-1,-1
148,6,324.38,411.28,12.23,30.40,0.17,-1,-1,-1
149,1,255.85,405.70,63.16,158.11,0.93,-1,-1,-1
149,2,389.05,428.65,48.39,69.42,0.91,-1,-1,-1
149,3,413.86,427.56,55.34,71.19,0.87,-1,-1,-1
149,5,408.67,407.24,12.53,27.31,0.32,-1,-1,-1
149,6,326.49,410.89,11.99,29.77,0.17,-1,-1,-1
150,1,257.89,404.47,63.80,159.34,0.93,-1,-1,-1
150,2,391.23,428.31,48.53,69.14,0.92,-1,-1,-1
150,3,416.22,426.94,55.45,71.37,0.90,-1,-1,-1
150,5,410.55,406.40,12.56,27.50,0.51,-1,-1,-1
150,6,328.85,411.17,11.85,29.52,0.14,-1,-1,-1
151,1,260.89,405.39,63.47,158.21,0.94,-1,-1,-1
151,2,392.63,428.01,49.29,69.83,0.91,-1,-1,-1
151,3,417.92,425.93,55.74,71.83,0.89,-1,-1,-1
151,5,412.32,406.49,12.32,27.17,0.53,-1,-1,-1
151,6,331.40,411.69,11.50,28.63,0.16,-1,-1,-1
152,1,263.18,404.78,63.70,158.14,0.93,-1,-1,-1
152,2,394.35,426.92,50.22,71.27,0.90,-1,-1,-1
152,3,420.30,424.98,55.81,72.00,0.89,-1,-1,-1
152,5,414.27,405.55,12.71,28.25,0.41,-1,-1,-1
153,1,265.55,403.58,64.02,158.49,0.93,-1,-1,-1
153,2,396.93,426.53,49.75,70.64,0.91,-1,-1,-1
153,3,421.96,424.64,55.74,72.06,0.89,-1,-1,-1
153,5,416.41,406.00,12.29,27.47,0.43,-1,-1,-1
154,1,268.08,401.96,64.43,159.39,0.93,-1,-1,-1
154,2,399.17,425.61,50.08,71.18,0.92,-1,-1,-1
154,3,423.33,423.94,55.68,72.47,0.90,-1,-1,-1
154,5,418.32,405.60,12.20,27.16,0.43,-1,-1,-1
155,1,270.75,400.77,64.67,160.11,0.94,-1,-1,-1
155,2,401.10,425.48,49.88,70.59,0.92,-1,-1,-1
155,3,425.71,423.31,55.36,72.23,0.88,-1,-1,-1
155,5,419.87,404.67,12.34,27.44,0.48,-1,-1,-1
156,1,272.72,399.76,64.89,160.75,0.94,-1,-1,-1
156,2,402.92,425.25,49.85,70.36,0.91,-1,-1,-1
156,3,427.76,423.49,54.77,71.33,0.89,-1,-1,-1
156,5,421.27,403.55,12.62,27.94,0.31,-1,-1,-1
157,1,274.76,399.20,64.71,160.19,0.93,-1,-1,-1
157,2,405.46,425.19,49.55,69.87,0.90,-1,-1,-1
157,3,429.35,423.38,54.36,70.99,0.89,-1,-1,-1
157,5,423.09,403.53,12.39,27.35,0.46,-1,-1,-1
157,7,17.26,412.50,28.70,52.80,0.82,-1,-1,-1
158,1,276.22,398.42,64.91,160.74,0.93,-1,-1,-1
158,2,407.16,424.98,49.40,69.69,0.90,-1,-1,-1
158,3,432.37,422.76,54.78,71.26,0.88,-1,-1,-1
158,5,424.67,403.35,12.37,27.11,0.26,-1,-1,-1
158,7,26.40,410.88,28.47,52.34,0.84,-1,-1,-1
159,1,277.50,397.76,65.25,161.73,0.93,-1,-1,-1
159,2,408.54,424.13,49.70,70.01,0.91,-1,-1,-1
159,3,434.54,422.35,54.72,71.36,0.88,-1,-1,-1
159,5,426.64,402.31,12.67,27.82,0.44,-1,-1,-1
159,7,37.77,409.17,28.69,52.65,0.83,-1,-1,-1
160,1,278.43,396.95,65.94,163.66,0.93,-1,-1,-1
160,2,410.17,423.62,49.84,70.14,0.91,-1,-1,-1
160,3,435.79,421.82,54.88,71.79,0.89,-1,-1,-1
160,5,428.42,402.13,12.56,27.69,0.49,-1,-1,-1
160,7,48.24,408.01,28.28,51.86,0.81,-1,-1,-1
161,1,279.41,396.07,66.30,164.77,0.94,-1,-1,-1
161,2,411.52,422.85,49.87,70.19,0.91,-1,-1,-1
161,3,437.55,422.23,53.81,70.37,0.88,-1,-1,-1
161,5,429.79,400.30,13.37,29.62,0.63,-1,-1,-1
161,7,58.33,407.48,27.97,51.17,0.80,-1,-1,-1
162,1,280.21,396.36,66.81,166.35,0.94,-1,-1,-1
162,2,413.05,422.38,50.05,70.60,0.91,-1,-1,-1
162,3,439.47,421.61,53.90,70.23,0.88,-1,-1,-1
162,5,431.60,400.01,13.34,29.56,0.57,-1,-1,-1
162,7,68.30,406.71,26.98,49.23,0.82,-1,-1,-1
163,1,280.82,396.30,66.97,167.32,0.94,-1,-1,-1
163,2,414.60,422.62,49.65,69.96,0.91,-1,-1,-1
163,3,440.68,420.80,54.42,70.57,0.87,-1,-1,-1
163,5,433.63,399.15,13.26,29.53,0.68,-1,-1,-1
163,7,77.24,406.07,26.98,49.01,0.84,-1,-1,-1
164,1,280.99,395.90,67.03,168.05,0.94,-1,-1,-1
164,2,415.61,422.33,49.28,69.72,0.90,-1,-1,-1
164,3,442.26,420.51,54.21,70.31,0.86,-1,-1,-1
164,5,435.07,398.64,13.34,29.90,0.63,-1,-1,-1
164,7,86.58,405.89,26.40,47.71,0.85,-1,-1,-1
165,1,281.43,397.35,66.19,166.33,0.94,-1,-1,-1
165,2,416.99,421.45,49.40,70.02,0.90,-1,-1,-1
165,3,444.20,419.82,54.47,71.01,0.88,-1,-1,-1
165,5,436.91,398.67,13.03,29.25,0.57,-1,-1,-1
165,7,95.26,405.04,26.27,47.27,0.31,-1,-1,-1
166,1,281.90,397.73,66.03,166.43,0.93,-1,-1,-1
166,2,418.69,420.73,49.75,70.54,0.90,-1,-1,-1
166,3,446.57,419.78,54.34,70.88,0.88,-1,-1,-1
166,5,438.76,397.71,13.25,29.79,0.63,-1,-1,-1
166,7,103.60,405.18,26.07,46.74,0.77,-1,-1,-1
167,1,282.03,397.68,65.99,166.84,0.94,-1,-1,-1
167,2,420.33,420.08,49.75,70.33,0.90,-1,-1,-1
167,3,448.24,418.79,54.59,71.22,0.88,-1,-1,-1
167,5,440.49,397.18,13.12,29.59,0.62,-1,-1,-1
167,7,111.38,404.24,26.47,47.39,0.76,-1,-1,-1
168,1,281.03,396.29,66.30,168.56,0.93,-1,-1,-1
168,2,421.79,419.66,50.30,71.05,0.90,-1,-1,-1
168,3,450.21,419.82,53.85,70.16,0.88,-1,-1,-1
168,5,442.50,397.79,12.59,28.32,0.59,-1,-1,-1
168,7,118.90,403.52,26.79,48.05,0.68,-1,-1,-1
169,1,280.35,395.19,66.27,169.59,0.94,-1,-1,-1
169,2,422.62,419.71,50.24,70.92,0.90,-1,-1,-1
169,3,451.48,419.83,53.54,69.76,0.85,-1,-1,-1
169,5,444.10,398.05,12.56,28.23,0.61,-1,-1,-1
169,7,126.05,402.48,26.24,47.11,0.71,-1,-1,-1
170,1,279.42,393.60,66.25,170.74,0.93,-1,-1,-1
170,2,423.51,419.36,50.52,71.26,0.89,-1,-1,-1
170,3,452.26,419.85,53.48,69.61,0.83,-1,-1,-1
170,5,445.60,397.96,12.61,28.20,0.56,-1,-1,-1
170,7,133.09,402.93,25.84,46.37,0.35,-1,-1,-1
171,1,278.50,392.81,66.04,171.16,0.94,-1,-1,-1
171,2,426.05,419.24,50.05,70.60,0.89,-1,-1,-1
171,3,453.51,419.07,53.81,69.96,0.84,-1,-1,-1
171,5,447.68,398.34,12.24,27.39,0.35,-1,-1,-1
171,7,140.86,403.32,25.25,45.30,0.61,-1,-1,-1
172,1,278.00,391.94,65.94,171.68,0.94,-1,-1,-1
172,2,427.38,418.82,50.22,70.34,0.90,-1,-1,-1
172,3,455.34,418.59,53.86,70.10,0.87,-1,-1,-1
172,5,448.98,397.69,12.52,27.89,0.51,-1,-1,-1
172,7,147.73,403.70,25.17,45.34,0.75,-1,-1,-1
173,1,277.05,391.24,66.12,172.65,0.94,-1,-1,-1
173,2,428.25,418.67,50.22,69.85,0.90,-1,-1,-1
173,3,457.26,418.02,54.07,70.15,0.86,-1,-1,-1
173,5,450.69,397.26,12.44,27.68,0.60,-1,-1,-1
173,7,153.42,402.44,26.11,47.37,0.62,-1,-1,-1
174,1,276.05,390.80,66.26,173.38,0.94,-1,-1,-1
174,2,429.54,418.04,50.56,70.46,0.90,-1,-1,-1
174,3,458.59,417.23,54.40,70.57,0.86,-1,-1,-1
174,5,452.46,397.71,12.01,26.81,0.44,-1,-1,-1
174,7,159.89,401.99,25.37,46.16,0.40,-1,-1,-1
175,1,275.09,390.85,66.68,174.82,0.94,-1,-1,-1
175,2,429.91,417.61,50.81,71.08,0.90,-1,-1,-1
175,3,459.90,417.14,54.38,70.33,0.86,-1,-1,-1
175,5,453.93,397.70,12.09,26.88,0.61,-1,-1,-1
175,7,166.82,401.64,24.39,44.49,0.74,-1,-1,-1
175,8,24.15,401.10,38.29,61.32,0.64,-1,-1,-1
176,1,274.37,391.29,67.24,176.52,0.94,-1,-1,-1
176,2,430.94,417.66,50.98,71.32,0.90,-1,-1,-1
176,3,460.58,416.92,54.66,70.64,0.84,-1,-1,-1
176,5,454.85,396.90,12.45,27.72,0.48,-1,-1,-1
176,7,172.61,400.72,24.80,45.51,0.54,-1,-1,-1
176,8,36.86,400.63,37.12,59.35,0.67,-1,-1,-1
177,1,273.98,391.08,67.71,177.92,0.94,-1,-1,-1
177,2,432.45,417.50,51.08,71.01,0.90,-1,-1,-1
177,3,461.90,416.66,54.90,70.75,0.87,-1,-1,-1
177,5,456.36,397.20,12.13,26.85,0.47,-1,-1,-1
177,7,177.88,400.80,24.41,45.09,0.62,-1,-1,-1
177,8,44.15,399.05,38.29,61.11,0.79,-1,-1,-1
178,1,273.76,391.21,68.03,178.82,0.94,-1,-1,-1
178,2,433.60,417.26,51.04,70.49,0.90,-1,-1,-1
178,3,462.79,416.17,55.28,71.19,0.87,-1,-1,-1
178,5,457.87,396.53,12.78,28.12,0.31,-1,-1,-1
178,7,183.30,399.65,23.96,44.94,0.57,-1,-1,-1
178,8,53.14,398.14,38.12,60.77,0.76,-1,-1,-1
179,1,274.16,392.26,67.98,178.34,0.94,-1,-1,-1
179,2,434.49,417.18,51.20,70.30,0.91,-1,-1,-1
179,3,463.23,416.00,55.50,71.35,0.88,-1,-1,-1
179,5,459.12,396.68,12.76,27.79,0.41,-1,-1,-1
179,7,188.54,400.04,23.61,44.49,0.74,-1,-1,-1
179,8,61.54,398.32,37.51,59.78,0.78,-1,-1,-1
180,1,273.54,392.28,68.82,180.10,0.94,-1,-1,-1
180,2,435.55,417.36,51.29,69.83,0.91,-1,-1,-1
180,3,464.48,415.95,55.68,71.41,0.89,-1,-1,-1
180,5,459.92,396.36,11.95,26.08,0.42,-1,-1,-1
180,7,194.42,400.01,22.69,43.14,0.59,-1,-1,-1
180,8,70.10,397.79,37.05,59.01,0.80,-1,-1,-1
181,1,273.25,392.30,69.55,181.52,0.94,-1,-1,-1
181,2,436.29,417.24,51.74,70.05,0.90,-1,-1,-1
181,3,465.64,416.14,55.45,71.04,0.89,-1,-1,-1
181,5,460.53,396.65,11.65,25.02,0.47,-1,-1,-1
181,7,200.13,400.62,22.38,42.64,0.69,-1,-1,-1
181,8,77.41,398.05,37.80,60.02,0.81,-1,-1,-1
182,1,273.32,392.50,69.95,182.03,0.94,-1,-1,-1
182,2,436.99,417.60,51.76,69.74,0.91,-1,-1,-1
182,3,465.99,416.23,55.44,70.89,0.89,-1,-1,-1
182,5,461.00,396.77,11.75,25.05,0.49,-1,-1,-1
182,7,205.06,400.46,22.16,42.48,0.76,-1,-1,-1
182,8,84.57,397.75,38.69,61.20,0.82,-1,-1,-1
183,1,273.55,392.20,70.30,182.58,0.94,-1,-1,-1
183,2,437.34,417.54,51.90,69.62,0.91,-1,-1,-1
183,3,466.04,416.27,55.50,70.84,0.89,-1,-1,-1
183,5,461.59,397.01,11.67,24.67,0.46,-1,-1,-1
183,7,209.37,401.01,21.84,42.03,0.74,-1,-1,-1
183,8,92.17,398.46,37.35,58.81,0.81,-1,-1,-1
184,1,273.65,391.89,70.81,183.55,0.94,-1,-1,-1
184,2,437.64,417.53,52.32,69.98,0.90,-1,-1,-1
184,3,466.18,416.49,55.19,70.42,0.88,-1,-1,-1
184,5,462.14,396.71,12.08,25.34,0.48,-1,-1,-1
184,7,213.48,400.62,21.81,42.28,0.46,-1,-1,-1
184,8,98.52,398.76,36.93,57.90,0.80,-1,-1,-1
185,1,274.14,390.79,71.37,184.67,0.94,-1,-1,-1
185,2,437.64,417.53,52.63,70.11,0.91,-1,-1,-1
185,3,466.28,416.38,55.29,70.66,0.88,-1,-1,-1
185,5,463.19,396.80,12.46,25.59,0.42,-1,-1,-1
185,7,216.35,401.28,21.31,41.59,0.13,-1,-1,-1
185,8,104.20,398.47,37.56,58.81,0.65,-1,-1,-1
186,1,274.98,390.58,71.45,184.67,0.94,-1,-1,-1
186,2,437.97,417.54,52.79,70.17,0.90,-1,-1,-1
186,3,466.50,416.35,55.29,70.75,0.88,-1,-1,-1
186,5,463.71,397.43,12.68,25.70,0.37,-1,-1,-1
186,8,111.10,398.77,36.58,57.14,0.75,-1,-1,-1
187,1,275.26,389.71,71.95,185.82,0.94,-1,-1,-1
187,2,438.13,417.54,53.12,70.58,0.91,-1,-1,-1
187,3,466.77,416.34,55.24,70.78,0.88,-1,-1,-1
187,5,463.87,396.88,13.14,26.53,0.30,-1,-1,-1
187,8,117.22,399.50,35.79,55.71,0.77,-1,-1,-1
188,1,275.81,389.99,72.04,185.83,0.94,-1,-1,-1
188,2,438.35,417.75,53.25,70.74,0.90,-1,-1,-1
188,3,467.25,416.54,55.19,70.80,0.89,-1,-1,-1
188,5,463.92,396.48,13.28,26.85,0.28,-1,-1,-1
188,8,122.18,399.97,35.55,55.61,0.73,-1,-1,-1
189,1,276.16,390.30,72.15,185.80,0.94,-1,-1,-1
189,2,438.94,417.83,53.42,70.80,0.90,-1,-1,-1
189,3,467.60,416.22,55.57,71.20,0.89,-1,-1,-1
189,5,464.41,396.33,13.10,26.57,0.26,-1,-1,-1
189,8,128.75,400.15,34.77,54.38,0.74,-1,-1,-1
190,1,276.81,390.04,72.33,186.16,0.94,-1,-1,-1
190,2,440.37,417.66,53.37,70.82,0.90,-1,-1,-1
190,3,468.93,415.91,56.04,71.35,0.88,-1,-1,-1
190,5,465.19,396.07,12.95,26.47,0.35,-1,-1,-1
190,8,134.36,400.41,34.82,54.35,0.80,-1,-1,-1
191,1,277.24,389.94,72.80,187.46,0.94,-1,-1,-1
191,2,441.95,417.60,53.21,70.82,0.90,-1,-1,-1
191,3,469.97,415.79,56.29,71.40,0.87,-1,-1,-1
191,5,465.68,396.18,12.84,26.42,0.35,-1,-1,-1
191,8,139.80,400.70,34.87,54.36,0.68,-1,-1,-1
192,1,277.18,389.91,73.40,189.11,0.94,-1,-1,-1
192,2,443.66,417.98,52.44,70.03,0.90,-1,-1,-1
192,3,470.83,416.15,56.16,71.03,0.87,-1,-1,-1
192,5,466.05,396.42,12.76,26.41,0.33,-1,-1,-1
192,8,145.08,401.81,34.84,54.38,0.72,-1,-1,-1
193,1,276.27,390.11,73.88,190.10,0.94,-1,-1,-1
193,2,444.43,417.72,52.22,69.73,0.90,-1,-1,-1
193,3,471.41,416.09,56.35,71.28,0.87,-1,-1,-1
193,5,466.64,396.52,12.96,26.80,0.27,-1,-1,-1
193,8,150.22,401.02,35.18,55.20,0.75,-1,-1,-1
193,9,-5.95,404.46,41.75,75.72,0.79,-1,-1,-1
194,1,275.58,390.78,74.25,190.84,0.94,-1,-1,-1
194,2,444.65,417.83,52.20,69.62,0.91,-1,-1,-1
194,3,471.40,416.07,56.81,71.77,0.88,-1,-1,-1
194,5,467.51,396.36,13.26,27.34,0.20,-1,-1,-1
194,8,155.93,401.11,33.70,53.14,0.76,-1,-1,-1
194,9,4.44,403.96,40.69,73.79,0.85,-1,-1,-1
195,1,275.18,391.43,75.02,193.07,0.94,-1,-1,-1
195,2,444.86,417.87,52.29,69.58,0.91,-1,-1,-1
195,3,471.58,416.07,56.95,71.95,0.88,-1,-1,-1
195,5,468.51,396.69,13.18,27.15,0.31,-1,-1,-1
195,8,162.04,401.95,31.67,50.34,0.59,-1,-1,-1
195,9,16.59,404.02,39.76,72.20,0.85,-1,-1,-1
196,1,275.41,392.86,74.95,193.49,0.94,-1,-1,-1
196,2,445.52,418.08,52.27,69.57,0.91,-1,-1,-1
196,3,472.25,415.87,57.33,72.41,0.89,-1,-1,-1
196,5,469.06,397.22,13.54,27.87,0.53,-1,-1,-1
196,8,166.06,401.43,30.25,48.52,0.72,-1,-1,-1
196,9,27.62,403.82,38.81,70.40,0.85,-1,-1,-1
197,1,275.39,394.00,74.72,193.61,0.94,-1,-1,-1
197,2,446.11,418.16,52.32,69.57,0.91,-1,-1,-1
197,3,473.26,415.80,57.48,72.58,0.88,-1,-1,-1
197,5,469.40,397.42,13.35,27.35,0.49,-1,-1,-1
197,8,171.31,402.88,29.04,46.66,0.70,-1,-1,-1
197,9,37.27,403.55,38.04,69.01,0.87,-1,-1,-1
198,1,274.80,394.03,75.01,195.20,0.95,-1,-1,-1
198,2,446.48,418.00,52.79,69.97,0.91,-1,-1,-1
198,3,474.12,416.17,56.94,71.85,0.88,-1,-1,-1
198,5,469.82,397.49,13.03,26.74,0.50,-1,-1,-1
198,8,175.78,403.60,28.48,46.04,0.66,-1,-1,-1
198,9,46.48,403.68,37.37,67.76,0.85,-1,-1,-1
199,1,273.88,393.44,75.31,196.96,0.94,-1,-1,-1
199,2,446.74,417.93,53.06,70.12,0.91,-1,-1,-1
199,3,474.85,416.51,56.64,71.57,0.88,-1,-1,-1
199,5,470.67,397.52,12.67,26.11,0.38,-1,-1,-1
199,8,179.37,404.25,29.20,47.48,0.65,-1,-1,-1
199,9,57.02,404.16,36.64,66.55,0.86,-1,-1,-1
200,1,272.98,393.21,75.35,197.98,0.94,-1,-1,-1
200,2,447.16,417.71,53.25,70.18,0.91,-1,-1,-1
200,3,475.68,416.84,56.16,71.06,0.88,-1,-1,-1
200,5,471.28,397.93,11.89,24.68,0.27,-1,-1,-1
200,8,184.53,405.88,27.05,44.42,0.73,-1,-1,-1
200,9,65.72,404.33,36.07,65.77,0.86,-1,-1,-1
200,10,271.90,402.42,17.02,37.08,0.55,-1,-1,-1
200,11,394.62,402.00,11.39,26.40,0.67,-1,-1,-1
201,1,271.61,393.11,75.15,198.34,0.94,-1,-1,-1
201,2,447.88,417.82,53.33,70.20,0.91,-1,-1,-1
201,3,476.05,416.76,56.21,71.27,0.89,-1,-1,-1
201,5,471.67,397.87,12.01,24.96,0.35,-1,-1,-1
201,8,188.82,405.44,27.89,46.18,0.71,-1,-1,-1
201,9,75.77,404.60,35.35,64.72,0.85,-1,-1,-1
201,10,275.13,403.02,16.22,35.33,0.27,-1,-1,-1
201,11,394.99,402.00,11.41,26.40,0.66,-1,-1,-1
202,1,269.91,393.07,74.97,198.83,0.94,-1,-1,-1
202,2,448.31,418.07,53.40,70.20,0.91,-1,-1,-1
202,3,476.93,417.13,55.90,70.95,0.89,-1,-1,-1
202,5,472.23,397.85,11.99,25.06,0.33,-1,-1,-1
202,8,192.76,405.09,28.55,47.59,0.68,-1,-1,-1
202,9,83.46,404.69,35.19,64.82,0.85,-1,-1,-1
202,10,278.18,402.74,14.89,32.36,0.17,-1,-1,-1
202,11,395.24,402.00,11.62,26.87,0.64,-1,-1,-1
203,1,268.31,393.25,74.77,198.98,0.94,-1,-1,-1
203,2,448.50,418.16,53.72,70.60,0.90,-1,-1,-1
203,3,477.49,417.86,55.66,70.44,0.89,-1,-1,-1
203,5,472.63,397.84,11.95,25.11,0.27,-1,-1,-1
203,8,196.52,404.15,29.43,49.33,0.75,-1,-1,-1
203,9,91.75,405.33,34.38,63.67,0.83,-1,-1,-1
203,11,395.75,402.00,11.69,27.01,0.53,-1,-1,-1
204,1,266.03,392.72,74.91,199.80,0.95,-1,-1,-1
204,2,449.06,418.39,53.99,71.15,0.91,-1,-1,-1
204,3,477.82,417.54,56.07,71.04,0.89,-1,-1,-1
204,5,472.98,398.03,12.29,25.93,0.37,-1,-1,-1
204,8,200.45,404.77,29.14,49.21,0.79,-1,-1,-1
204,9,99.58,406.38,33.57,62.48,0.85,-1,-1,-1
204,11,396.42,402.43,11.55,26.62,0.54,-1,-1,-1
205,1,264.37,392.91,74.72,199.68,0.95,-1,-1,-1
205,2,449.89,418.48,54.01,71.35,0.90,-1,-1,-1
205,3,478.13,417.81,56.20,71.27,0.88,-1,-1,-1
205,5,473.54,397.90,12.71,27.02,0.31,-1,-1,-1
205,8,204.62,405.79,28.05,47.59,0.72,-1,-1,-1
205,9,106.29,406.35,33.18,62.09,0.86,-1,-1,-1
205,11,397.50,402.58,11.48,26.47,0.61,-1,-1,-1
206,1,262.85,393.38,74.71,199.61,0.95,-1,-1,-1
206,2,450.21,418.51,53.95,71.42,0.90,-1,-1,-1
206,3,478.47,418.11,56.17,71.36,0.87,-1,-1,-1
206,5,474.11,398.05,12.50,26.66,0.26,-1,-1,-1
206,8,208.23,405.56,28.53,48.58,0.78,-1,-1,-1
206,9,112.53,406.93,32.87,61.18,0.82,-1,-1,-1
206,11,398.48,402.84,11.46,26.42,0.64,-1,-1,-1
206,12,5.11,409.02,38.00,70.80,0.81,-1,-1,-1
207,1,261.18,394.35,75.28,201.13,0.95,-1,-1,-1
207,2,450.77,418.72,53.80,71.45,0.90,-1,-1,-1
207,3,479.33,418.21,56.21,71.39,0.86,-1,-1,-1
207,5,474.61,397.91,12.61,26.91,0.29,-1,-1,-1
207,8,212.29,405.28,28.34,48.55,0.81,-1,-1,-1
207,9,120.10,407.75,32.65,60.89,0.86,-1,-1,-1
207,11,399.51,403.13,11.28,25.99,0.61,-1,-1,-1
207,12,14.38,411.01,36.77,68.49,0.83,-1,-1,-1
208,1,259.32,396.29,75.56,201.69,0.95,-1,-1,-1
208,2,451.04,418.79,53.97,71.85,0.90,-1,-1,-1
208,3,479.80,418.64,55.91,71.01,0.86,-1,-1,-1
208,5,475.05,398.24,12.49,26.60,0.45,-1,-1,-1
208,8,216.41,406.15,27.33,47.36,0.61,-1,-1,-1
208,9,127.57,408.64,31.45,58.80,0.85,-1,-1,-1
208,11,400.56,403.64,11.03,25.43,0.56,-1,-1,-1
208,12,23.78,409.77,37.11,69.14,0.83,-1,-1,-1
209,1,257.22,396.42,76.94,205.42,0.95,-1,-1,-1
209,2,451.78,419.02,53.90,71.99,0.89,-1,-1,-1
209,3,479.78,418.60,56.13,71.26,0.85,-1,-1,-1
209,5,475.50,398.77,12.23,26.09,0.35,-1,-1,-1
209,8,219.51,406.07,27.04,47.31,0.79,-1,-1,-1
209,9,134.27,408.54,30.45,57.25,0.84,-1,-1,-1
209,11,401.43,404.43,10.73,24.81,0.57,-1,-1,-1
209,12,33.99,410.03,36.53,68.04,0.82,-1,-1,-1
210,1,255.48,396.46,78.04,208.38,0.94,-1,-1,-1
210,2,452.51,419.69,53.33,71.25,0.90,-1,-1,-1
210,3,479.55,418.39,56.22,71.35,0.86,-1,-1,-1
210,5,476.34,399.36,12.35,26.29,0.32,-1,-1,-1
210,8,222.48,406.43,26.40,46.90,0.80,-1,-1,-1
210,9,141.01,408.49,30.04,56.73,0.84,-1,-1,-1
210,11,402.05,404.51,10.76,25.01,0.61,-1,-1,-1
210,12,42.60,410.55,35.70,66.38,0.84,-1,-1,-1
211,1,254.88,396.66,78.32,209.08,0.94,-1,-1,-1
211,2,452.61,420.34,53.02,70.57,0.91,-1,-1,-1
211,3,480.75,418.50,56.43,71.39,0.87,-1,-1,-1
211,5,476.97,399.77,12.51,26.76,0.63,-1,-1,-1
211,8,225.45,405.96,26.09,47.15,0.56,-1,-1,-1
211,9,147.64,409.88,29.25,55.37,0.85,-1,-1,-1
211,11,402.70,404.72,10.69,25.08,0.59,-1,-1,-1
211,12,51.26,410.94,34.64,64.57,0.82,-1,-1,-1
212,1,254.53,396.92,78.85,210.48,0.94,-1,-1,-1
212,2,453.17,420.58,53.00,70.31,0.91,-1,-1,-1
212,3,482.12,418.73,56.61,71.40,0.87,-1,-1,-1
212,5,477.68,399.92,12.37,26.55,0.57,-1,-1,-1
212,8,229.15,406.77,25.10,45.67,0.11,-1,-1,-1
212,9,154.36,411.39,27.85,52.88,0.84,-1,-1,-1
212,11,403.44,404.59,10.81,25.52,0.59,-1,-1,-1
212,12,59.53,410.84,33.95,63.57,0.80,-1,-1,-1
213,1,254.03,397.40,79.46,211.76,0.94,-1,-1,-1
213,2,453.89,420.27,53.55,71.01,0.91,-1,-1,-1
213,3,482.96,419.21,56.38,71.01,0.88,-1,-1,-1
213,5,478.06,399.97,12.46,26.86,0.61,-1,-1,-1
213,8,232.26,408.48,24.33,44.71,0.12,-1,-1,-1
213,9,160.29,411.92,27.27,52.02,0.82,-1,-1,-1
213,11,404.43,404.34,10.97,26.09,0.57,-1,-1,-1
213,12,66.38,410.38,33.61,63.27,0.82,-1,-1,-1
214,1,253.70,397.38,80.64,214.56,0.94,-1,-1,-1
214,2,455.22,419.94,53.96,71.67,0.91,-1,-1,-1
214,3,483.32,419.59,56.17,70.86,0.88,-1,-1,-1
214,5,478.56,399.99,12.52,26.97,0.52,-1,-1,-1
214,9,165.68,411.07,27.74,52.99,0.85,-1,-1,-1
214,11,405.41,404.83,10.55,25.11,0.50,-1,-1,-1
214,12,74.74,411.45,32.95,62.38,0.81,-1,-1,-1
215,1,253.77,397.56,81.24,215.59,0.94,-1,-1,-1
215,2,456.05,420.21,53.82,71.53,0.91,-1,-1,-1
215,3,483.68,419.72,55.98,70.81,0.88,-1,-1,-1
215,5,479.03,399.79,12.33,26.62,0.49,-1,-1,-1
215,9,170.98,410.55,28.03,53.77,0.84,-1,-1,-1
215,11,406.36,405.01,10.38,24.74,0.59,-1,-1,-1
215,12,83.36,411.83,32.10,60.87,0.79,-1,-1,-1
215,13,-2.48,415.98,52.47,99.00,0.83,-1,-1,-1
216,1,254.22,397.42,81.55,215.93,0.94,-1,-1,-1
216,2,457.00,420.31,53.63,71.47,0.91,-1,-1,-1
216,3,484.63,419.97,55.83,70.79,0.88,-1,-1,-1
216,5,479.93,399.50,12.36,26.48,0.40,-1,-1,-1
216,9,176.71,410.94,27.50,52.89,0.82,-1,-1,-1
216,11,407.18,405.07,10.51,25.00,0.23,-1,-1,-1
216,12,91.06,411.34,32.20,60.78,0.75,-1,-1,-1
216,13,10.60,416.54,51.73,97.60,0.85,-1,-1,-1
217,1,254.89,397.55,81.72,216.01,0.94,-1,-1,-1
217,2,457.96,420.34,53.48,71.44,0.91,-1,-1,-1
217,3,485.20,419.65,56.09,71.18,0.89,-1,-1,-1
217,5,480.62,399.59,12.42,26.43,0.46,-1,-1,-1
217,9,182.05,410.67,26.95,52.19,0.81,-1,-1,-1
217,11,407.85,405.28,10.57,25.11,0.46,-1,-1,-1
217,12,99.53,411.36,32.05,60.38,0.83,-1,-1,-1
217,13,24.68,416.72,50.76,95.73,0.86,-1,-1,-1
218,1,255.71,397.00,81.97,216.78,0.94,-1,-1,-1
218,2,458.51,420.75,53.41,71.43,0.91,-1,-1,-1
218,3,485.87,419.53,56.43,71.72,0.89,-1,-1,-1
218,5,481.32,399.62,12.70,26.81,0.47,-1,-1,-1
218,9,187.69,411.57,25.95,50.35,0.79,-1,-1,-1
218,11,408.86,405.35,10.61,25.15,0.54,-1,-1,-1
218,12,106.05,410.96,31.71,59.86,0.78,-1,-1,-1
218,13,37.39,417.45,48.73,92.01,0.82,-1,-1,-1
219,1,256.48,396.78,81.96,217.03,0.94,-1,-1,-1
219,2,459.15,420.89,53.23,71.42,0.92,-1,-1,-1
219,3,487.40,420.27,55.92,71.14,0.89,-1,-1,-1
219,5,481.88,399.44,12.97,27.34,0.45,-1,-1,-1
219,9,192.29,411.48,25.43,49.70,0.81,-1,-1,-1
219,11,409.53,405.57,10.78,25.56,0.58,-1,-1,-1
219,12,113.43,411.41,31.89,60.11,0.80,-1,-1,-1
219,13,51.58,417.21,47.69,90.01,0.86,-1,-1,-1
219,15,15.43,419.64,35.96,68.28,0.72,-1,-1,-1
220,1,257.01,395.91,82.39,218.67,0.94,-1,-1,-1
220,2,460.21,421.14,53.08,71.42,0.91,-1,-1,-1
220,3,488.40,420.74,55.65,70.91,0.89,-1,-1,-1
220,5,482.37,399.36,12.86,27.15,0.26,-1,-1,-1
220,9,197.71,410.84,25.19,49.50,0.81,-1,-1,-1
220,11,410.62,406.05,10.69,25.33,0.61,-1,-1,-1
220,12,120.60,411.37,31.31,59.02,0.81,-1,-1,-1
220,13,59.84,419.07,44.93,85.12,0.75,-1,-1,-1
220,15,24.55,419.22,35.56,67.44,0.76,-1,-1,-1
221,1,257.58,395.57,82.40,219.25,0.94,-1,-1,-1
221,2,460.95,421.83,52.68,71.02,0.91,-1,-1,-1
221,3,489.16,421.31,55.11,70.43,0.88,-1,-1,-1
221,5,483.72,400.12,12.43,26.28,0.25,-1,-1,-1
221,9,202.46,410.39,25.16,49.86,0.80,-1,-1,-1
221,11,411.60,406.42,10.67,25.23,0.69,-1,-1,-1
221,12,127.62,411.96,30.18,57.03,0.79,-1,-1,-1
221,13,73.33,418.82,44.58,84.45,0.85,-1,-1,-1
221,15,35.05,419.32,34.24,64.81,0.76,-1,-1,-1
222,1,257.97,395.84,82.26,219.43,0.94,-1,-1,-1
222,2,461.97,422.08,52.17,70.47,0.90,-1,-1,-1
222,3,488.89,420.72,55.18,71.05,0.87,-1,-1,-1
222,5,484.65,400.01,12.58,26.75,0.28,-1,-1,-1
222,9,207.71,410.22,24.76,49.22,0.79,-1,-1,-1
222,11,413.09,406.55,10.32,24.41,0.58,-1,-1,-1
222,12,133.41,412.58,30.08,57.14,0.78,-1,-1,-1
222,13,84.78,418.51,43.31,82.21,0.84,-1,-1,-1
222,15,45.19,418.90,35.43,66.81,0.83,-1,-1,-1
223,1,258.06,396.14,82.23,220.05,0.94,-1,-1,-1
223,2,462.94,423.16,51.56,69.87,0.90,-1,-1,-1
223,3,488.55,420.10,55.64,72.07,0.87,-1,-1,-1
223,5,485.31,399.57,13.13,28.11,0.30,-1,-1,-1
223,9,211.90,410.35,25.08,50.21,0.81,-1,-1,-1
223,11,414.02,406.79,10.20,24.09,0.46,-1,-1,-1
223,12,141.21,414.41,28.53,54.39,0.80,-1,-1,-1
223,13,95.60,418.59,42.76,81.53,0.87,-1,-1,-1
223,15,54.34,418.34,35.73,67.03,0.81,-1,-1,-1
223,8,266.52,409.54,23.93,45.56,0.58,-1,-1,-1
224,1,257.44,396.85,82.91,222.82,0.94,-1,-1,-1
224,2,464.29,423.56,51.31,69.64,0.90,-1,-1,-1
224,3,489.44,420.06,55.69,72.46,0.85,-1,-1,-1
224,5,486.36,398.82,13.65,29.39,0.39,-1,-1,-1
224,9,216.77,410.60,24.76,49.79,0.81,-1,-1,-1
224,11,415.05,406.67,10.30,24.39,0.34,-1,-1,-1
224,12,147.06,415.28,26.96,51.76,0.76,-1,-1,-1
224,13,105.09,417.36,41.29,78.90,0.83,-1,-1,-1
224,15,62.99,417.95,36.00,67.11,0.83,-1,-1,-1
225,1,256.15,396.72,83.83,226.20,0.94,-1,-1,-1
225,2,465.40,423.10,51.53,69.96,0.91,-1,-1,-1
225,3,490.75,420.43,55.31,72.20,0.86,-1,-1,-1
225,5,487.04,398.92,13.66,29.50,0.37,-1,-1,-1
225,9,221.37,410.09,24.62,50.06,0.81,-1,-1,-1
225,11,416.01,406.62,10.33,24.50,0.26,-1,-1,-1
225,12,153.83,415.37,26.79,51.28,0.78,-1,-1,-1
225,13,115.10,417.74,39.85,76.39,0.86,-1,-1,-1
225,15,70.92,418.03,35.86,66.32,0.83,-1,-1,-1
226,1,255.23,397.45,84.32,228.23,0.94,-1,-1,-1
226,2,466.80,422.71,51.98,70.49,0.91,-1,-1,-1
226,3,492.80,420.77,54.80,71.71,0.86,-1,-1,-1
226,5,488.04,399.93,12.90,27.96,0.36,-1,-1,-1
226,9,226.27,410.90,24.18,49.37,0.82,-1,-1,-1
226,11,416.93,406.59,10.33,24.54,0.33,-1,-1,-1
226,12,160.04,414.58,27.17,52.37,0.72,-1,-1,-1
226,13,124.57,418.91,37.96,73.11,0.83,-1,-1,-1
226,15,79.49,418.07,34.33,63.14,0.80,-1,-1,-1
227,1,254.61,398.32,84.67,229.94,0.94,-1,-1,-1
227,2,467.60,422.17,52.32,71.08,0.92,-1,-1,-1
227,3,494.43,421.29,54.83,71.52,0.85,-1,-1,-1
227,5,489.26,399.93,12.84,27.75,0.45,-1,-1,-1
227,9,230.95,411.00,23.88,48.73,0.83,-1,-1,-1
227,11,418.24,406.58,10.33,24.56,0.39,-1,-1,-1
227,12,166.77,414.08,27.15,52.39,0.73,-1,-1,-1
227,13,133.97,419.53,36.65,70.80,0.83,-1,-1,-1
227,15,87.01,417.90,34.10,62.41,0.82,-1,-1,-1
228,1,254.64,398.84,84.76,231.52,0.94,-1,-1,-1
228,2,468.44,422.15,52.51,71.31,0.92,-1,-1,-1
228,3,496.75,421.68,54.93,71.44,0.85,-1,-1,-1
228,5,490.44,400.33,12.90,27.67,0.46,-1,-1,-1
228,9,235.16,410.83,24.44,50.11,0.75,-1,-1,-1
228,11,420.09,406.76,10.32,24.57,0.20,-1,-1,-1
228,12,172.91,413.28,27.94,54.04,0.78,-1,-1,-1
228,13,143.12,420.15,35.73,69.26,0.80,-1,-1,-1
228,15,94.62,417.43,33.77,61.36,0.78,-1,-1,-1
229,1,255.36,399.23,84.38,232.27,0.94,-1,-1,-1
229,2,469.43,422.93,52.34,70.99,0.92,-1,-1,-1
229,3,497.35,421.43,55.46,72.21,0.85,-1,-1,-1
229,5,491.65,400.28,12.92,27.64,0.31,-1,-1,-1
229,9,240.21,411.56,23.70,48.65,0.26,-1,-1,-1
229,11,421.01,406.63,10.59,25.37,0.23,-1,-1,-1
229,12,178.92,412.98,27.88,53.87,0.76,-1,-1,-1
229,13,151.47,419.74,34.94,67.98,0.79,-1,-1,-1
229,15,102.53,417.27,32.56,58.96,0.73,-1,-1,-1
230,1,255.85,400.74,83.81,232.70,0.94,-1,-1,-1
230,2,470.93,423.62,51.95,70.48,0.92,-1,-1,-1
230,3,498.20,421.13,55.51,72.50,0.83,-1,-1,-1
230,5,493.37,400.85,12.73,27.23,0.34,-1,-1,-1
230,9,244.63,411.23,22.92,47.30,0.62,-1,-1,-1
230,11,422.48,406.58,10.72,25.67,0.32,-1,-1,-1
230,12,184.09,412.26,28.64,55.42,0.75,-1,-1,-1
230,13,160.15,418.76,34.52,67.62,0.81,-1,-1,-1
230,15,110.11,417.43,32.10,57.72,0.78,-1,-1,-1
231,1,255.58,400.92,83.53,233.99,0.94,-1,-1,-1
231,2,472.58,424.27,51.54,69.88,0.91,-1,-1,-1
231,3,498.35,420.81,55.82,73.00,0.84,-1,-1,-1
231,5,494.81,400.46,12.97,27.87,0.40,-1,-1,-1
231,11,423.92,406.16,10.91,26.18,0.16,-1,-1,-1
231,12,188.72,412.00,28.66,56.00,0.70,-1,-1,-1
231,13,168.70,419.01,33.39,65.53,0.80,-1,-1,-1
231,15,116.43,417.08,31.86,56.90,0.76,-1,-1,-1
232,1,255.17,400.57,83.15,234.83,0.94,-1,-1,-1
232,2,473.80,423.32,52.50,70.86,0.92,-1,-1,-1
232,3,500.12,420.88,55.20,72.39,0.83,-1,-1,-1
232,5,496.21,400.71,12.88,27.71,0.42,-1,-1,-1
232,12,195.57,412.69,26.47,51.90,0.62,-1,-1,-1
232,13,176.10,417.87,32.96,65.26,0.83,-1,-1,-1
232,15,124.82,418.19,30.35,54.20,0.77,-1,-1,-1
232,8,293.57,408.40,26.44,52.53,0.51,-1,-1,-1
233,1,254.38,400.04,83.01,236.29,0.95,-1,-1,-1
233,2,475.17,422.95,52.93,71.22,0.92,-1,-1,-1
233,3,502.09,421.31,54.67,71.76,0.81,-1,-1,-1
233,5,497.17,400.60,12.67,27.25,0.42,-1,-1,-1
233,12,200.68,413.37,25.77,51.12,0.56,-1,-1,-1
233,13,183.06,417.05,32.67,65.23,0.79,-1,-1,-1
233,15,132.35,418.81,29.77,53.27,0.71,-1,-1,-1
233,8,297.00,408.33,25.51,51.70,0.40,-1,-1,-1
234,1,253.67,399.43,82.79,237.19,0.95,-1,-1,-1
234,2,476.14,422.61,53.32,71.76,0.91,-1,-1,-1
234,3,504.48,421.66,54.68,71.52,0.68,-1,-1,-1
234,5,498.69,400.76,12.59,27.08,0.47,-1,-1,-1
234,12,206.30,414.02,23.82,47.64,0.33,-1,-1,-1
234,13,191.77,416.76,31.89,64.07,0.80,-1,-1,-1
234,15,137.33,418.21,29.74,52.57,0.74,-1,-1,-1
234,8,301.15,408.10,23.17,47.05,0.26,-1,-1,-1
235,1,252.73,398.79,82.88,238.27,0.94,-1,-1,-1
235,2,477.25,422.68,53.46,71.95,0.91,-1,-1,-1
235,3,506.52,422.59,54.29,71.03,0.60,-1,-1,-1
235,5,500.13,400.61,12.72,27.41,0.43,-1,-1,-1
235,13,200.14,418.08,30.45,61.27,0.78,-1,-1,-1
235,15,145.15,418.61,28.96,51.14,0.69,-1,-1,-1
235,8,305.78,408.42,20.78,41.97,0.46,-1,-1,-1
236,1,251.57,397.57,83.08,239.62,0.95,-1,-1,-1
236,2,479.33,423.49,52.88,71.24,0.92,-1,-1,-1
236,3,509.31,426.71,51.61,66.87,0.27,-1,-1,-1
236,5,501.85,400.95,12.71,27.54,0.30,-1,-1,-1
236,13,207.64,418.16,28.82,57.85,0.81,-1,-1,-1
236,15,151.66,419.16,28.26,49.86,0.64,-1,-1,-1
236,8,310.02,408.54,19.73,39.72,0.60,-1,-1,-1
237,1,250.20,396.70,83.25,240.09,0.95,-1,-1,-1
237,2,481.18,424.20,52.02,70.16,0.91,-1,-1,-1
237,3,510.44,428.47,51.10,65.70,0.26,-1,-1,-1
237,5,503.76,400.49,12.87,27.98,0.34,-1,-1,-1
237,13,214.46,417.15,29.50,59.19,0.79,-1,-1,-1
237,15,157.41,417.92,28.36,49.85,0.72,-1,-1,-1
237,8,313.21,408.38,19.00,38.14,0.70,-1,-1,-1
238,1,248.60,396.18,83.74,240.82,0.95,-1,-1,-1
238,2,483.07,423.66,52.40,70.56,0.91,-1,-1,-1
238,5,505.45,399.32,13.28,28.93,0.36,-1,-1,-1
238,13,221.43,417.21,29.50,59.28,0.78,-1,-1,-1
238,15,164.06,416.26,29.08,51.51,0.77,-1,-1,-1
238,8,316.69,408.53,18.71,37.62,0.63,-1,-1,-1
239,1,246.98,395.79,84.90,243.22,0.95,-1,-1,-1
239,2,485.17,423.26,52.84,71.10,0.90,-1,-1,-1
239,5,507.02,399.66,13.05,28.51,0.33,-1,-1,-1
239,13,228.17,417.04,28.96,58.56,0.76,-1,-1,-1
239,15,170.74,416.26,28.60,50.95,0.77,-1,-1,-1
239,8,320.37,408.78,18.41,36.65,0.71,-1,-1,-1
240,1,245.24,395.85,86.84,248.22,0.95,-1,-1,-1
240,2,487.94,422.51,52.91,71.31,0.91,-1,-1,-1
240,5,509.21,401.58,12.05,26.36,0.27,-1,-1,-1
240,13,235.34,417.38,27.83,56.33,0.72,-1,-1,-1
240,15,177.69,415.67,28.35,51.17,0.70,-1,-1,-1
240,8,324.11,408.67,18.11,35.93,0.71,-1,-1,-1
241,1,243.82,396.27,88.36,251.65,0.95,-1,-1,-1
241,2,489.24,422.42,52.73,71.39,0.91,-1,-1,-1
241,5,511.04,401.30,12.36,27.16,0.42,-1,-1,-1
241,13,242.25,416.69,26.87,54.34,0.67,-1,-1,-1
241,15,184.08,416.06,27.93,50.87,0.73,-1,-1,-1
241,8,327.01,408.01,18.28,36.11,0.62,-1,-1,-1
242,1,242.43,396.05,89.91,254.86,0.95,-1,-1,-1
242,2,491.23,422.79,52.29,71.41,0.90,-1,-1,-1
242,5,513.12,401.40,12.34,27.04,0.46,-1,-1,-1
242,13,245.38,415.02,30.33,62.29,0.47,-1,-1,-1
242,15,188.23,414.82,28.28,51.58,0.75,-1,-1,-1
242,8,330.00,407.58,18.70,36.61,0.72,-1,-1,-1
243,1,241.27,395.97,91.51,257.98,0.95,-1,-1,-1
243,2,492.42,422.73,51.95,71.42,0.89,-1,-1,-1
243,5,514.84,401.24,12.35,27.00,0.46,-1,-1,-1
243,13,250.88,413.86,31.57,65.74,0.53,-1,-1,-1
243,15,195.16,416.55,27.53,50.27,0.55,-1,-1,-1
243,8,332.87,407.02,19.06,37.22,0.58,-1,-1,-1
243,9,301.07,408.91,20.97,42.68,0.51,-1,-1,-1
244,1,240.66,396.14,92.78,259.70,0.95,-1,-1,-1
244,2,494.07,422.11,52.05,71.82,0.90,-1,-1,-1
244,5,516.70,400.97,12.58,27.39,0.38,-1,-1,-1
244,13,257.48,413.03,31.32,66.38,0.67,-1,-1,-1
244,15,200.91,415.61,27.59,50.60,0.72,-1,-1,-1
244,8,336.52,406.81,18.99,37.07,0.51,-1,-1,-1
244,9,306.08,408.42,19.99,40.82,0.58,-1,-1,-1
245,1,240.33,396.40,94.39,262.04,0.94,-1,-1,-1
245,2,495.35,420.89,52.25,72.76,0.89,-1,-1,-1
245,5,518.68,401.26,11.96,25.95,0.40,-1,-1,-1
245,13,264.76,412.91,27.30,58.81,0.53,-1,-1,-1
245,15,206.92,415.87,26.79,49.14,0.56,-1,-1,-1
245,8,340.54,406.95,18.58,36.23,0.68,-1,-1,-1
245,9,310.16,407.86,20.53,42.32,0.69,-1,-1,-1
246,1,239.93,396.70,95.89,264.24,0.94,-1,-1,-1
246,2,497.09,420.43,52.09,73.50,0.88,-1,-1,-1
246,5,520.29,400.57,12.28,26.61,0.31,-1,-1,-1
246,15,211.24,414.97,27.18,49.41,0.40,-1,-1,-1
246,8,343.79,407.20,18.27,35.53,0.68,-1,-1,-1
246,9,314.79,408.46,20.16,41.65,0.75,-1,-1,-1
247,1,240.13,396.82,96.77,265.00,0.94,-1,-1,-1
247,2,499.63,421.65,50.51,72.20,0.87,-1,-1,-1
247,5,522.60,400.51,12.03,26.06,0.20,-1,-1,-1
247,15,215.48,411.65,28.61,51.92,0.61,-1,-1,-1
247,8,347.49,406.90,18.12,35.29,0.71,-1,-1,-1
247,9,318.42,408.51,19.86,41.00,0.75,-1,-1,-1
248,1,240.72,396.87,97.49,265.22,0.94,-1,-1,-1
248,2,501.62,422.52,49.33,71.30,0.87,-1,-1,-1
248,5,524.36,400.09,12.42,27.05,0.28,-1,-1,-1
248,15,222.11,411.81,28.13,51.29,0.44,-1,-1,-1
248,8,350.56,406.79,18.01,35.22,0.78,-1,-1,-1
248,9,322.84,408.12,19.66,40.36,0.78,-1,-1,-1
249,1,241.83,396.49,98.16,265.62,0.94,-1,-1,-1
249,2,503.49,421.85,49.30,71.75,0.86,-1,-1,-1
249,5,526.22,399.74,12.43,27.02,0.22,-1,-1,-1
249,15,227.35,411.30,27.59,50.26,0.63,-1,-1,-1
249,8,353.90,405.76,18.11,35.61,0.73,-1,-1,-1
249,9,327.08,407.99,19.28,39.74,0.70,-1,-1,-1
250,1,242.82,395.56,99.09,267.28,0.95,-1,-1,-1
250,2,505.40,422.00,48.35,71.13,0.88,-1,-1,-1
250,5,528.54,399.81,12.23,26.61,0.25,-1,-1,-1
250,15,233.54,412.13,27.02,49.47,0.43,-1,-1,-1
250,8,357.45,405.78,17.70,34.97,0.70,-1,-1,-1
250,9,330.90,407.14,19.50,40.33,0.76,-1,-1,-1
251,1,243.68,394.82,99.53,267.86,0.95,-1,-1,-1
251,2,507.05,423.05,47.20,70.10,0.85,-1,-1,-1
251,5,530.27,399.24,12.30,26.86,0.16,-1,-1,-1
251,15,238.70,412.26,26.43,47.99,0.17,-1,-1,-1
251,8,360.39,404.99,18.03,35.55,0.74,-1,-1,-1
251,9,334.94,406.83,19.23,39.76,0.68,-1,-1,-1
251,16,-2.16,417.30,43.37,75.72,0.64,-1,-1,-1
252,1,244.82,393.95,99.74,268.21,0.94,-1,-1,-1
252,2,509.67,425.64,45.03,67.32,0.82,-1,-1,-1
252,5,531.91,399.23,12.19,26.95,0.11,-1,-1,-1
252,15,243.59,411.11,26.00,47.05,0.20,-1,-1,-1
252,8,363.84,405.10,17.60,34.58,0.75,-1,-1,-1
252,9,339.12,407.53,18.65,38.35,0.69,-1,-1,-1
252,16,-5.37,417.07,44.41,77.50,0.33,-1,-1,-1
253,1,245.76,393.03,99.96,268.88,0.94,-1,-1,-1
253,2,512.42,428.03,43.37,65.07,0.80,-1,-1,-1
253,5,533.31,399.23,11.65,26.19,0.13,-1,-1,-1
253,15,247.11,409.09,27.79,50.35,0.45,-1,-1,-1
253,8,367.14,404.96,17.53,34.22,0.76,-1,-1,-1
253,9,343.44,407.20,18.59,38.25,0.74,-1,-1,-1
253,16,-0.48,416.53,44.60,77.61,0.65,-1,-1,-1
254,1,246.79,392.30,100.05,269.48,0.95,-1,-1,-1
254,2,514.20,428.07,43.11,65.08,0.79,-1,-1,-1
254,15,253.85,409.93,27.53,50.37,0.40,-1,-1,-1
254,8,370.38,404.51,17.63,34.50,0.78,-1,-1,-1
254,9,347.28,406.27,18.57,38.22,0.76,-1,-1,-1
254,16,11.14,415.01,45.10,78.49,0.75,-1,-1,-1
254,12,316.01,410.38,25.70,52.76,0.57,-1,-1,-1
255,1,248.10,391.84,100.20,270.64,0.94,-1,-1,-1
255,2,515.98,427.87,43.06,65.10,0.71,-1,-1,-1
255,15,257.38,408.11,24.49,44.84,0.24,-1,-1,-1
255,8,373.87,404.36,17.25,33.82,0.67,-1,-1,-1
255,9,351.40,406.14,18.46,37.83,0.79,-1,-1,-1
255,16,23.64,414.53,44.29,77.03,0.79,-1,-1,-1
255,12,321.21,410.33,24.92,52.09,0.66,-1,-1,-1
256,1,248.64,391.88,100.53,272.42,0.94,-1,-1,-1
256,2,518.56,427.37,43.07,65.13,0.42,-1,-1,-1
256,15,260.59,408.27,21.82,39.78,0.31,-1,-1,-1
256,8,377.48,404.11,17.03,33.57,0.73,-1,-1,-1
256,9,355.09,405.50,18.58,38.10,0.69,-1,-1,-1
256,16,36.50,413.98,43.44,75.63,0.76,-1,-1,-1
256,12,326.76,409.32,24.58,51.84,0.73,-1,-1,-1
257,1,246.34,390.92,102.25,277.18,0.94,-1,-1,-1
257,8,380.48,403.42,16.97,33.49,0.67,-1,-1,-1
257,9,359.30,405.07,18.23,37.41,0.67,-1,-1,-1
257,16,49.09,413.39,42.40,73.45,0.78,-1,-1,-1
257,12,331.73,409.15,24.23,51.34,0.72,-1,-1,-1
258,1,243.65,391.35,103.49,278.95,0.94,-1,-1,-1
258,8,384.34,403.78,16.42,32.67,0.63,-1,-1,-1
258,9,363.39,404.92,17.93,36.76,0.59,-1,-1,-1
258,16,61.69,413.22,41.63,71.86,0.82,-1,-1,-1
258,12,336.93,409.69,23.37,49.56,0.61,-1,-1,-1
258,17,4.37,418.32,56.27,96.12,0.81,-1,-1,-1
259,1,241.25,391.93,104.98,281.13,0.94,-1,-1,-1
259,8,387.96,403.32,16.38,32.78,0.58,-1,-1,-1
259,9,367.55,405.08,17.44,35.73,0.53,-1,-1,-1
259,16,73.51,412.56,41.00,70.49,0.80,-1,-1,-1
259,12,342.10,409.91,22.96,48.47,0.60,-1,-1,-1
259,17,18.12,416.84,53.87,91.86,0.78,-1,-1,-1
260,1,240.09,392.16,106.04,283.08,0.94,-1,-1,-1
260,8,391.46,402.96,16.21,32.43,0.46,-1,-1,-1
260,9,371.45,403.94,17.84,36.58,0.39,-1,-1,-1
260,16,84.78,412.35,39.91,68.38,0.76,-1,-1,-1
260,12,347.49,409.39,21.85,45.66,0.48,-1,-1,-1
260,17,33.22,415.39,53.07,90.45,0.83,-1,-1,-1
261,1,239.63,392.65,106.87,285.34,0.93,-1,-1,-1
261,8,395.18,402.84,15.86,31.91,0.51,-1,-1,-1
261,9,374.98,403.33,17.92,36.89,0.34,-1,-1,-1
261,16,95.66,411.47,39.29,67.25,0.70,-1,-1,-1
261,12,352.52,408.38,22.19,46.27,0.73,-1,-1,-1
261,17,46.97,414.55,51.01,86.95,0.79,-1,-1,-1
262,1,239.41,392.45,107.67,288.49,0.93,-1,-1,-1
262,8,398.65,402.80,15.70,31.73,0.54,-1,-1,-1
262,9,379.67,404.71,16.87,34.64,0.43,-1,-1,-1
262,16,106.24,410.77,39.06,66.48,0.72,-1,-1,-1
262,12,357.90,408.24,20.08,41.68,0.56,-1,-1,-1
262,17,59.68,414.12,50.34,85.95,0.80,-1,-1,-1
263,1,239.93,392.37,107.86,290.80,0.93,-1,-1,-1
263,8,401.83,401.99,16.00,32.48,0.40,-1,-1,-1
263,9,384.04,402.81,17.36,36.24,0.59,-1,-1,-1
263,16,117.68,409.93,37.66,64.20,0.70,-1,-1,-1
263,12,362.19,406.94,21.51,44.98,0.63,-1,-1,-1
263,17,74.48,414.03,50.18,85.29,0.78,-1,-1,-1
264,1,240.57,392.16,107.56,292.21,0.94,-1,-1,-1
264,8,405.72,402.10,15.62,31.97,0.48,-1,-1,-1
264,9,388.76,403.33,16.61,34.83,0.49,-1,-1,-1
264,16,127.63,409.44,36.84,62.60,0.71,-1,-1,-1
264,12,367.69,406.71,20.26,42.51,0.59,-1,-1,-1
264,17,87.36,415.09,46.87,79.23,0.78,-1,-1,-1
265,1,240.76,391.09,107.54,294.83,0.93,-1,-1,-1
265,8,409.15,401.55,15.65,32.19,0.49,-1,-1,-1
265,9,392.76,402.55,16.73,35.51,0.45,-1,-1,-1
265,16,141.46,408.47,35.63,61.25,0.41,-1,-1,-1
265,12,371.83,405.83,21.60,45.65,0.60,-1,-1,-1
265,17,100.74,415.08,45.30,76.34,0.76,-1,-1,-1
266,1,240.85,390.30,106.70,295.37,0.94,-1,-1,-1
266,8,412.63,400.96,15.40,31.87,0.43,-1,-1,-1
266,9,397.06,402.07,16.44,35.36,0.44,-1,-1,-1
266,16,148.42,407.33,35.52,60.82,0.76,-1,-1,-1
266,12,376.63,405.13,21.60,45.96,0.64,-1,-1,-1
266,17,111.01,414.45,44.68,75.06,0.79,-1,-1,-1
267,1,240.02,388.43,105.96,295.89,0.93,-1,-1,-1
267,8,416.42,400.55,15.25,31.76,0.39,-1,-1,-1
267,9,401.08,401.91,15.96,34.52,0.37,-1,-1,-1
267,16,155.63,407.35,35.04,59.90,0.72,-1,-1,-1
267,12,380.90,404.49,21.84,46.88,0.56,-1,-1,-1
267,17,121.88,414.46,43.83,74.30,0.78,-1,-1,-1
268,1,238.23,385.37,106.24,299.18,0.94,-1,-1,-1
268,8,420.01,400.01,15.37,32.13,0.53,-1,-1,-1
268,9,404.87,401.66,15.68,34.21,0.48,-1,-1,-1
268,16,164.44,407.59,34.48,59.20,0.70,-1,-1,-1
268,12,386.44,403.87,21.21,45.66,0.64,-1,-1,-1
268,17,133.14,414.06,42.51,72.48,0.83,-1,-1,-1
269,1,236.32,384.22,105.78,299.58,0.94,-1,-1,-1
269,8,423.42,399.62,15.40,31.87,0.14,-1,-1,-1
269,16,172.50,406.08,34.55,59.40,0.74,-1,-1,-1
269,12,390.94,404.05,20.94,45.18,0.26,-1,-1,-1
269,17,144.05,413.10,41.87,71.51,0.75,-1,-1,-1
270,1,234.39,383.81,105.66,300.05,0.94,-1,-1,-1
270,8,427.31,399.49,15.49,32.18,0.46,-1,-1,-1
270,16,180.92,405.75,34.21,59.10,0.71,-1,-1,-1
270,12,396.20,404.14,20.07,43.42,0.52,-1,-1,-1
270,17,155.21,412.36,41.19,70.43,0.82,-1,-1,-1
271,1,231.90,383.69,107.11,304.50,0.94,-1,-1,-1
271,8,430.93,399.45,15.33,31.90,0.14,-1,-1,-1
271,16,189.34,405.05,34.22,59.43,0.75,-1,-1,-1
271,12,401.22,401.97,20.85,45.18,0.26,-1,-1,-1
271,17,164.24,411.70,41.64,71.35,0.83,-1,-1,-1
272,1,228.75,383.27,109.64,311.63,0.94,-1,-1,-1
272,16,196.66,404.01,35.13,61.58,0.77,-1,-1,-1
272,12,406.03,401.79,20.50,44.25,0.30,-1,-1,-1
272,17,173.36,410.87,40.03,68.90,0.79,-1,-1,-1
272,18,28.68,408.66,38.12,70.44,0.76,-1,-1,-1
273,1,226.34,383.52,111.42,316.24,0.94,-1,-1,-1
273,16,204.17,404.24,35.04,62.40,0.76,-1,-1,-1
273,12,410.51,401.95,20.17,43.89,0.68,-1,-1,-1
273,17,182.74,409.36,40.00,68.89,0.83,-1,-1,-1
273,18,40.51,407.92,38.28,70.72,0.82,-1,-1,-1
274,1,223.98,384.42,113.09,319.49,0.94,-1,-1,-1
274,16,211.89,403.76,34.86,63.11,0.76,-1,-1,-1
274,12,415.28,402.03,19.88,42.96,0.58,-1,-1,-1
274,17,192.15,408.64,39.12,67.72,0.82,-1,-1,-1
274,18,53.99,406.97,37.65,69.41,0.82,-1,-1,-1
275,1,221.69,385.57,115.27,323.38,0.95,-1,-1,-1
275,16,218.54,403.20,36.37,66.94,0.75,-1,-1,-1
275,12,419.68,401.48,19.73,42.63,0.57,-1,-1,-1
275,17,200.44,407.18,40.01,69.78,0.81,-1,-1,-1
275,18,66.56,407.15,37.04,68.08,0.84,-1,-1,-1
276,1,220.23,386.42,117.07,325.95,0.94,-1,-1,-1
276,16,225.59,403.00,37.15,69.92,0.75,-1,-1,-1
276,12,424.16,400.69,20.02,42.91,0.23,-1,-1,-1
276,17,209.38,406.67,39.08,68.96,0.74,-1,-1,-1
276,18,78.48,406.80,36.38,66.80,0.80,-1,-1,-1
277,1,218.80,387.14,118.87,328.00,0.94,-1,-1,-1
277,16,233.33,402.17,37.35,71.85,0.63,-1,-1,-1
277,12,429.37,401.01,19.46,41.44,0.13,-1,-1,-1
277,17,217.43,405.92,38.68,69.10,0.69,-1,-1,-1
277,18,89.72,406.92,36.25,66.42,0.80,-1,-1,-1
278,1,216.88,386.25,121.89,333.39,0.94,-1,-1,-1
278,16,240.54,402.06,35.99,70.26,0.57,-1,-1,-1
278,12,433.70,400.14,19.71,41.70,0.39,-1,-1,-1
278,17,226.27,405.86,38.89,69.98,0.65,-1,-1,-1
278,18,100.92,407.60,34.39,62.95,0.65,-1,-1,-1
279,1,215.44,384.93,124.91,339.07,0.94,-1,-1,-1
279,16,248.44,402.04,32.38,64.48,0.49,-1,-1,-1
279,12,438.66,399.64,19.54,41.00,0.21,-1,-1,-1
279,17,234.09,405.67,39.00,70.72,0.59,-1,-1,-1
279,18,111.97,407.23,33.55,61.34,0.78,-1,-1,-1
280,1,215.03,382.68,127.01,342.51,0.94,-1,-1,-1
280,12,442.96,399.47,19.80,40.75,0.18,-1,-1,-1
280,17,239.04,404.23,40.86,75.39,0.53,-1,-1,-1
280,18,122.39,407.52,33.09,60.42,0.73,-1,-1,-1
281,1,215.67,380.45,128.44,344.70,0.94,-1,-1,-1
281,17,247.41,403.90,36.31,68.22,0.66,-1,-1,-1
281,18,133.11,406.80,32.42,58.91,0.45,-1,-1,-1
282,1,217.06,379.81,129.09,345.22,0.94,-1,-1,-1
282,18,142.48,405.09,32.82,59.67,0.31,-1,-1,-1
283,1,218.66,379.39,129.40,345.49,0.95,-1,-1,-1
283,18,152.69,404.09,32.59,59.17,0.72,-1,-1,-1
284,1,220.93,378.27,129.36,345.69,0.95,-1,-1,-1
284,18,162.38,402.32,32.71,59.43,0.54,-1,-1,-1
285,1,222.62,375.89,129.86,348.03,0.95,-1,-1,-1
285,18,170.85,400.68,33.02,59.97,0.43,-1,-1,-1
286,1,224.23,374.43,129.88,349.81,0.95,-1,-1,-1
286,18,180.34,400.50,32.27,58.59,0.51,-1,-1,-1
287,1,226.46,374.10,128.97,349.82,0.95,-1,-1,-1
287,18,186.24,404.31,33.61,59.72,0.25,-1,-1,-1
287,20,18.08,402.18,52.45,88.92,0.86,-1,-1,-1
288,1,227.43,374.20,128.74,351.50,0.95,-1,-1,-1
288,18,197.10,401.93,32.26,57.36,0.67,-1,-1,-1
288,20,32.34,402.27,51.57,87.44,0.87,-1,-1,-1
289,1,224.17,374.47,129.85,354.63,0.95,-1,-1,-1
289,18,206.95,400.83,33.44,59.73,0.63,-1,-1,-1
289,20,49.45,401.36,50.74,86.00,0.87,-1,-1,-1
290,1,219.51,374.60,131.95,358.50,0.95,-1,-1,-1
290,18,217.14,400.05,31.68,57.04,0.57,-1,-1,-1
290,20,65.16,400.63,50.18,85.16,0.87,-1,-1,-1
290,17,318.60,395.98,34.74,66.06,0.66,-1,-1,-1
291,1,215.65,374.28,134.85,364.21,0.95,-1,-1,-1
291,18,226.12,399.57,31.07,56.01,0.36,-1,-1,-1
291,20,79.79,399.75,49.19,83.62,0.85,-1,-1,-1
291,17,327.81,395.51,33.40,63.88,0.44,-1,-1,-1
292,1,213.20,375.74,136.93,367.88,0.95,-1,-1,-1
292,18,234.22,398.01,31.98,58.08,0.58,-1,-1,-1
292,20,95.62,400.34,46.30,78.85,0.87,-1,-1,-1
292,17,335.81,394.34,31.45,60.35,0.46,-1,-1,-1
293,1,212.66,376.71,137.74,369.58,0.94,-1,-1,-1
293,18,241.83,397.25,31.66,58.05,0.56,-1,-1,-1
293,20,109.38,399.50,45.48,77.71,0.87,-1,-1,-1
293,17,342.90,393.13,30.21,58.25,0.66,-1,-1,-1
294,1,214.09,375.92,138.83,374.45,0.93,-1,-1,-1
294,20,123.63,398.81,44.70,76.55,0.86,-1,-1,-1
294,17,350.15,392.13,29.53,57.12,0.62,-1,-1,-1
295,1,215.18,375.62,139.66,378.95,0.93,-1,-1,-1
295,20,137.03,398.38,43.84,75.39,0.85,-1,-1,-1
295,17,357.15,391.39,29.26,56.75,0.42,-1,-1,-1
296,1,217.56,374.73,139.59,382.14,0.92,-1,-1,-1
296,20,150.58,398.04,42.73,73.81,0.86,-1,-1,-1
296,17,363.69,391.37,28.69,55.43,0.59,-1,-1,-1
297,1,220.07,373.82,138.71,384.23,0.93,-1,-1,-1
297,20,163.44,397.74,41.66,72.08,0.83,-1,-1,-1
297,17,370.71,390.59,28.72,55.39,0.29,-1,-1,-1
298,1,222.35,372.69,137.40,384.91,0.92,-1,-1,-1
298,20,175.52,396.41,41.41,71.94,0.86,-1,-1,-1
298,17,380.54,389.73,28.58,56.22,0.34,-1,-1,-1
299,1,222.36,369.72,136.70,387.62,0.93,-1,-1,-1
299,20,187.98,395.95,40.80,71.13,0.84,-1,-1,-1
299,17,387.31,389.44,27.32,54.15,0.24,-1,-1,-1
299,18,290.87,391.85,33.96,63.76,0.60,-1,-1,-1
300,1,220.83,366.45,136.24,389.93,0.94,-1,-1,-1
300,20,200.08,395.20,40.45,70.90,0.84,-1,-1,-1
300,17,394.06,389.37,27.76,55.83,0.49,-1,-1,-1
300,18,299.22,391.33,32.13,61.83,0.40,-1,-1,-1
301,1,218.05,364.24,135.80,391.69,0.94,-1,-1,-1
301,20,211.74,393.94,40.00,70.45,0.84,-1,-1,-1
301,17,400.95,388.97,27.41,55.66,0.46,-1,-1,-1
301,18,309.08,390.96,30.17,58.33,0.81,-1,-1,-1
302,1,214.93,361.86,136.10,393.84,0.94,-1,-1,-1
302,20,222.13,392.28,40.53,71.95,0.66,-1,-1,-1
302,17,406.31,389.04,27.12,55.21,0.65,-1,-1,-1
302,18,317.52,390.26,29.24,57.01,0.78,-1,-1,-1
303,1,211.04,360.61,138.29,400.07,0.94,-1,-1,-1
303,20,232.12,388.31,37.57,68.55,0.25,-1,-1,-1
303,17,412.32,388.90,26.80,55.06,0.56,-1,-1,-1
303,18,325.46,389.83,28.61,56.13,0.61,-1,-1,-1
304,1,206.50,360.17,142.61,411.75,0.95,-1,-1,-1
304,17,416.87,386.87,27.51,56.62,0.54,-1,-1,-1
304,18,333.31,388.69,27.92,55.41,0.71,-1,-1,-1
305,1,201.35,360.04,147.55,423.90,0.95,-1,-1,-1
305,17,422.70,385.93,24.23,50.11,0.31,-1,-1,-1
305,18,341.92,387.70,26.84,53.55,0.52,-1,-1,-1
306,1,196.23,360.03,152.57,435.07,0.95,-1,-1,-1
306,17,428.51,385.42,23.47,48.79,0.38,-1,-1,-1
306,18,349.63,387.37,25.96,52.06,0.55,-1,-1,-1
307,1,193.13,360.64,155.85,439.43,0.95,-1,-1,-1
307,18,357.57,386.47,25.65,51.54,0.57,-1,-1,-1
308,1,190.87,361.11,158.73,441.12,0.95,-1,-1,-1
308,18,365.16,384.96,26.44,52.99,0.76,-1,-1,-1
309,1,188.30,360.35,163.63,447.63,0.95,-1,-1,-1
309,18,373.02,384.23,26.03,52.34,0.76,-1,-1,-1
309,20,298.41,385.91,34.59,63.84,0.62,-1,-1,-1
310,1,185.77,359.88,168.97,455.62,0.95,-1,-1,-1
310,18,381.76,383.39,25.61,51.71,0.76,-1,-1,-1
310,21,19.24,387.06,65.67,111.84,0.86,-1,-1,-1
310,20,308.53,384.89,35.22,65.70,0.74,-1,-1,-1
311,1,184.39,359.33,173.45,461.25,0.95,-1,-1,-1
311,18,389.60,383.12,24.44,49.49,0.49,-1,-1,-1
311,21,37.32,385.38,64.95,110.72,0.87,-1,-1,-1
311,20,318.99,384.35,34.50,64.67,0.80,-1,-1,-1
312,1,183.41,357.59,176.93,465.18,0.95,-1,-1,-1
312,18,398.31,383.47,22.20,45.02,0.55,-1,-1,-1
312,21,57.94,384.36,63.05,107.53,0.88,-1,-1,-1
312,20,329.63,383.39,33.06,62.29,0.83,-1,-1,-1
313,1,182.93,354.01,179.70,468.25,0.95,-1,-1,-1
313,18,406.04,381.97,22.56,45.51,0.46,-1,-1,-1
313,21,77.61,384.34,60.34,102.92,0.86,-1,-1,-1
313,20,339.77,382.27,31.67,59.78,0.79,-1,-1,-1
314,1,184.14,351.29,181.15,469.83,0.95,-1,-1,-1
314,18,413.61,380.26,23.50,47.31,0.62,-1,-1,-1
314,21,95.37,383.26,58.32,99.79,0.87,-1,-1,-1
314,20,350.59,382.11,30.23,56.85,0.81,-1,-1,-1
315,1,185.77,349.11,181.37,469.86,0.95,-1,-1,-1
315,18,421.67,378.46,23.54,47.58,0.66,-1,-1,-1
315,21,112.85,381.85,57.41,98.48,0.89,-1,-1,-1
315,20,360.28,381.07,29.46,55.41,0.82,-1,-1,-1
316,1,187.03,345.18,181.87,472.45,0.95,-1,-1,-1
316,18,430.07,377.42,22.95,46.52,0.55,-1,-1,-1
316,21,129.14,380.14,56.27,96.88,0.86,-1,-1,-1
316,20,369.69,379.91,29.16,54.93,0.81,-1,-1,-1
317,1,188.86,341.38,182.02,475.64,0.95,-1,-1,-1
317,18,438.61,376.07,22.07,44.93,0.70,-1,-1,-1
317,21,144.32,378.95,56.18,96.44,0.84,-1,-1,-1
317,20,379.14,378.72,28.73,54.39,0.79,-1,-1,-1
318,1,191.30,339.19,180.94,476.72,0.95,-1,-1,-1
318,18,446.15,373.79,23.21,47.61,0.75,-1,-1,-1
318,21,160.10,377.55,55.29,95.13,0.85,-1,-1,-1
318,20,389.25,377.92,28.22,53.42,0.82,-1,-1,-1
319,1,193.68,338.43,179.16,476.98,0.95,-1,-1,-1
319,18,453.51,372.40,23.51,48.57,0.62,-1,-1,-1
319,21,174.45,375.86,55.12,94.34,0.84,-1,-1,-1
319,20,398.31,376.24,28.60,54.33,0.81,-1,-1,-1
320,1,193.16,338.21,178.07,477.73,0.95,-1,-1,-1
320,18,461.70,372.11,22.50,46.59,0.72,-1,-1,-1
320,21,188.84,374.48,54.36,93.31,0.75,-1,-1,-1
320,20,407.72,374.47,28.70,54.68,0.83,-1,-1,-1
320,23,6.28,369.54,57.92,107.04,0.83,-1,-1,-1
321,1,184.48,338.19,180.77,483.81,0.95,-1,-1,-1
321,18,468.82,371.07,22.54,47.03,0.74,-1,-1,-1
321,21,201.91,373.21,53.59,93.41,0.70,-1,-1,-1
321,20,416.90,373.24,29.01,55.64,0.83,-1,-1,-1
321,23,22.75,368.21,57.56,106.40,0.82,-1,-1,-1
322,1,173.35,337.84,184.79,489.54,0.95,-1,-1,-1
322,18,477.30,371.31,21.09,44.02,0.70,-1,-1,-1
322,21,214.32,372.39,48.58,86.63,0.54,-1,-1,-1
322,20,426.34,372.23,28.33,54.43,0.82,-1,-1,-1
322,23,43.15,366.83,56.67,104.78,0.82,-1,-1,-1
322,24,0.30,382.68,70.62,123.72,0.85,-1,-1,-1
323,1,163.48,337.95,188.86,494.55,0.95,-1,-1,-1
323,18,485.33,370.05,21.00,43.70,0.65,-1,-1,-1
323,21,218.08,362.39,55.41,100.82,0.21,-1,-1,-1
323,20,435.68,371.50,27.63,53.18,0.82,-1,-1,-1
323,23,57.81,364.62,59.59,110.63,0.79,-1,-1,-1
323,24,24.07,380.44,69.96,122.23,0.85,-1,-1,-1
324,1,157.81,338.24,192.26,499.28,0.94,-1,-1,-1
324,18,493.32,368.82,21.56,44.81,0.66,-1,-1,-1
324,20,444.31,369.87,27.90,53.95,0.84,-1,-1,-1
324,23,75.50,363.52,59.31,110.83,0.79,-1,-1,-1
324,24,48.93,378.30,67.95,118.44,0.85,-1,-1,-1
325,1,155.13,339.37,195.17,504.68,0.94,-1,-1,-1
325,18,500.74,367.60,21.46,44.43,0.62,-1,-1,-1
325,20,453.65,368.91,26.99,52.25,0.76,-1,-1,-1
325,23,89.26,362.78,60.58,112.92,0.74,-1,-1,-1
325,24,74.15,377.49,64.47,111.83,0.82,-1,-1,-1
326,1,154.01,340.03,197.96,511.11,0.94,-1,-1,-1
326,18,508.04,366.39,22.13,45.90,0.70,-1,-1,-1
326,20,462.71,367.79,27.54,53.25,0.79,-1,-1,-1
326,23,104.18,362.56,63.27,117.72,0.73,-1,-1,-1
326,24,95.94,376.66,63.07,109.00,0.80,-1,-1,-1
327,1,155.03,338.75,200.97,519.70,0.93,-1,-1,-1
327,18,515.85,365.37,21.60,44.88,0.75,-1,-1,-1
327,20,472.08,367.62,26.24,50.84,0.84,-1,-1,-1
327,23,122.06,361.32,60.82,113.85,0.39,-1,-1,-1
327,24,117.87,375.57,61.80,106.51,0.82,-1,-1,-1
327,21,284.70,366.04,46.64,84.97,0.76,-1,-1,-1
328,1,157.47,336.32,202.33,524.79,0.93,-1,-1,-1
328,18,522.91,365.04,20.87,43.69,0.59,-1,-1,-1
328,20,481.37,367.01,25.36,49.13,0.80,-1,-1,-1
328,24,135.28,373.77,59.91,102.83,0.80,-1,-1,-1
328,21,299.72,366.61,43.58,79.45,0.74,-1,-1,-1
329,1,160.13,333.46,202.18,527.75,0.94,-1,-1,-1
329,20,489.56,365.00,26.45,51.38,0.76,-1,-1,-1
329,24,154.20,372.14,59.39,100.46,0.79,-1,-1,-1
329,21,312.37,365.70,42.35,77.00,0.74,-1,-1,-1
330,1,161.94,331.22,200.99,529.10,0.94,-1,-1,-1
330,20,498.69,364.49,26.38,51.00,0.79,-1,-1,-1
330,24,172.06,364.49,61.52,104.84,0.37,-1,-1,-1
330,21,324.19,364.60,41.79,76.64,0.78,-1,-1,-1
331,1,163.09,327.26,198.89,531.02,0.94,-1,-1,-1
331,20,506.72,362.76,27.98,54.47,0.70,-1,-1,-1
331,21,334.64,364.03,41.58,77.41,0.80,-1,-1,-1
331,23,182.49,356.90,56.60,108.16,0.63,-1,-1,-1
332,1,161.27,323.43,196.15,534.74,0.94,-1,-1,-1
332,20,514.86,361.36,28.79,56.52,0.80,-1,-1,-1
332,21,346.97,362.85,41.25,77.34,0.81,-1,-1,-1
333,1,155.87,320.26,193.15,536.22,0.95,-1,-1,-1
333,20,523.41,360.66,26.98,53.82,0.41,-1,-1,-1
333,21,358.32,361.84,40.16,75.76,0.81,-1,-1,-1
333,25,16.13,367.44,56.23,107.52,0.85,-1,-1,-1
334,1,148.65,317.35,192.53,540.76,0.95,-1,-1,-1
334,21,368.74,360.91,39.11,74.42,0.82,-1,-1,-1
334,25,38.21,365.15,56.51,107.89,0.83,-1,-1,-1
335,1,140.00,315.91,196.25,556.11,0.95,-1,-1,-1
335,21,379.05,359.59,38.87,73.99,0.79,-1,-1,-1
335,25,64.83,369.32,52.89,100.53,0.75,-1,-1,-1
335,23,257.54,360.91,47.21,88.50,0.62,-1,-1,-1
336,1,130.03,315.42,201.80,574.68,0.95,-1,-1,-1
336,21,390.85,358.13,38.75,74.28,0.82,-1,-1,-1
336,25,89.67,365.32,52.57,99.65,0.86,-1,-1,-1
336,23,274.20,361.06,48.12,89.58,0.77,-1,-1,-1
337,1,119.48,315.49,208.06,593.50,0.96,-1,-1,-1
337,21,402.13,357.43,37.99,73.23,0.82,-1,-1,-1
337,25,112.37,361.45,52.02,98.60,0.77,-1,-1,-1
337,23,289.71,360.88,48.12,88.97,0.82,-1,-1,-1
337,26,262.53,350.82,34.39,88.44,0.74,-1,-1,-1
338,1,109.66,314.41,213.97,609.49,0.95,-1,-1,-1
338,21,412.35,356.01,37.50,72.88,0.82,-1,-1,-1
338,25,130.72,359.13,53.05,100.94,0.73,-1,-1,-1
338,23,304.93,359.19,47.26,86.36,0.82,-1,-1,-1
338,26,276.21,350.02,32.67,84.01,0.73,-1,-1,-1
339,1,100.12,314.44,218.84,619.71,0.96,-1,-1,-1
339,21,423.58,355.12,37.18,72.38,0.82,-1,-1,-1
339,25,149.34,358.19,53.02,100.97,0.62,-1,-1,-1
339,23,318.78,358.38,47.13,85.48,0.83,-1,-1,-1
339,26,290.16,349.28,30.91,79.23,0.74,-1,-1,-1
340,1,91.46,314.50,222.55,624.17,0.95,-1,-1,-1
340,21,434.01,354.03,36.04,70.63,0.83,-1,-1,-1
340,25,157.84,354.62,53.05,100.20,0.12,-1,-1,-1
340,23,332.04,356.68,45.60,81.96,0.78,-1,-1,-1
340,26,304.28,347.93,29.67,75.68,0.80,-1,-1,-1
341,1,82.84,314.58,226.98,629.47,0.95,-1,-1,-1
341,21,443.53,352.46,35.81,70.43,0.84,-1,-1,-1
341,23,345.64,355.26,45.68,81.57,0.83,-1,-1,-1
341,26,316.32,346.42,29.03,73.45,0.78,-1,-1,-1
342,1,74.10,313.87,231.98,635.91,0.95,-1,-1,-1
342,21,453.33,351.32,35.55,69.98,0.82,-1,-1,-1
342,23,358.62,354.77,45.50,80.68,0.84,-1,-1,-1
342,26,327.82,345.33,28.65,71.58,0.80,-1,-1,-1
343,1,65.20,310.71,237.38,644.15,0.96,-1,-1,-1
343,21,462.09,350.34,35.57,69.45,0.77,-1,-1,-1
343,23,369.91,352.80,45.29,80.42,0.81,-1,-1,-1
343,26,339.39,343.94,28.32,69.38,0.77,-1,-1,-1
343,25,223.36,352.71,51.47,96.46,0.57,-1,-1,-1
344,1,58.37,307.59,241.34,649.40,0.96,-1,-1,-1
344,21,472.53,349.62,34.76,67.68,0.78,-1,-1,-1
344,23,383.10,351.70,43.73,77.55,0.81,-1,-1,-1
344,26,351.49,343.52,27.80,66.64,0.76,-1,-1,-1
344,25,243.43,351.43,49.75,93.50,0.75,-1,-1,-1
345,1,53.11,306.04,243.34,650.35,0.96,-1,-1,-1
345,21,482.91,348.39,35.05,67.87,0.81,-1,-1,-1
345,23,395.00,350.94,43.19,76.15,0.84,-1,-1,-1
345,26,361.99,342.59,28.23,66.27,0.77,-1,-1,-1
345,25,260.62,350.61,46.83,88.43,0.75,-1,-1,-1
346,1,48.43,301.58,244.41,651.21,0.96,-1,-1,-1
346,21,492.84,346.57,36.22,69.57,0.84,-1,-1,-1
346,23,406.89,351.10,41.77,73.66,0.79,-1,-1,-1
346,26,372.16,341.68,28.59,65.81,0.83,-1,-1,-1
346,25,274.35,348.96,45.66,87.05,0.79,-1,-1,-1
347,1,44.64,296.98,245.09,653.45,0.96,-1,-1,-1
347,21,500.47,345.34,36.41,69.82,0.82,-1,-1,-1
347,23,417.84,350.18,42.32,74.47,0.82,-1,-1,-1
347,26,382.09,341.60,29.14,65.75,0.80,-1,-1,-1
347,25,289.42,347.20,44.17,85.38,0.81,-1,-1,-1
348,1,42.29,292.55,244.69,655.25,0.96,-1,-1,-1
348,21,508.26,344.52,36.54,70.73,0.84,-1,-1,-1
348,23,429.21,348.46,42.13,73.99,0.85,-1,-1,-1
348,26,391.96,341.41,30.15,67.03,0.83,-1,-1,-1
348,25,305.07,346.02,43.46,84.42,0.83,-1,-1,-1
348,27,16.02,344.10,64.17,127.08,0.88,-1,-1,-1
349,1,40.62,288.57,243.14,656.51,0.95,-1,-1,-1
349,21,515.27,343.27,36.01,71.08,0.77,-1,-1,-1
349,23,440.73,347.45,41.27,72.66,0.82,-1,-1,-1
349,26,402.45,340.96,29.66,64.72,0.81,-1,-1,-1
349,25,320.45,345.04,42.33,82.50,0.81,-1,-1,-1
349,27,35.66,344.56,62.96,124.85,0.88,-1,-1,-1
350,1,39.98,285.18,240.97,657.97,0.95,-1,-1,-1
350,23,450.78,345.50,41.17,72.63,0.82,-1,-1,-1
350,26,411.81,339.40,30.07,64.74,0.77,-1,-1,-1
350,25,335.21,343.53,41.65,81.85,0.83,-1,-1,-1
350,27,61.27,343.54,62.30,123.64,0.84,-1,-1,-1
351,1,39.18,279.84,238.55,660.90,0.95,-1,-1,-1
351,23,462.68,344.42,41.49,73.06,0.82,-1,-1,-1
351,26,422.88,337.65,30.26,64.39,0.77,-1,-1,-1
351,25,351.28,342.43,40.17,79.24,0.83,-1,-1,-1
351,27,83.45,342.30,59.39,118.34,0.47,-1,-1,-1
351,28,4.50,331.26,57.91,108.12,0.87,-1,-1,-1
352,1,37.71,276.72,235.33,661.84,0.95,-1,-1,-1
352,23,473.58,343.26,41.30,72.85,0.83,-1,-1,-1
352,26,433.76,335.43,31.20,65.52,0.77,-1,-1,-1
352,25,364.64,340.66,39.46,77.93,0.80,-1,-1,-1
352,28,25.80,329.82,56.62,105.71,0.87,-1,-1,-1
353,1,25.81,277.42,234.15,659.08,0.94,-1,-1,-1
353,23,488.19,341.47,40.38,71.21,0.79,-1,-1,-1
353,26,447.32,334.65,30.49,62.77,0.81,-1,-1,-1
353,25,382.11,338.46,38.68,76.70,0.81,-1,-1,-1
353,28,54.82,329.58,54.27,101.13,0.86,-1,-1,-1
